item_id,activation_date,date_from,date_to
4a60967a354f,2017-04-11,2017-04-12,2017-04-18
a6c7c94608b7,2017-04-04,2017-04-12,2017-04-18
469d1a6a0b03,2017-03-22,2017-04-12,2017-04-18
279d63b66643,2017-03-14,2017-04-12,2017-04-13
64a4fa84cd4f,2017-03-22,2017-04-12,2017-04-18
b60a6275e7f5,2017-04-17,2017-04-17,2017-04-18
c63bf4a6e3f4,2017-04-12,2017-04-12,2017-04-18
3af848fdc5aa,2017-04-16,2017-04-16,2017-04-18
2038b5f62784,2017-04-14,2017-04-14,2017-04-18
5bac4267c5b4,2017-03-14,2017-04-12,2017-04-13
a97c9954e3b0,2017-03-25,2017-04-12,2017-04-18
3f370aec4399,2017-03-21,2017-04-12,2017-04-18
2789d0478037,2017-04-05,2017-04-12,2017-04-18
8030285ff7dc,2017-03-24,2017-04-12,2017-04-18
96761f7ce17f,2017-03-20,2017-04-12,2017-04-18
17dc8a58fa29,2017-04-10,2017-04-12,2017-04-18
1d7122beb673,2017-04-18,2017-04-18,2017-04-18
8237c950081d,2017-04-14,2017-04-14,2017-04-18
8485a2b7ec8a,2017-04-09,2017-04-12,2017-04-18
5cca0c5368a5,2017-03-20,2017-04-12,2017-04-18
6d8d4fe688c4,2017-04-03,2017-04-12,2017-04-18
42678749bc9d,2017-04-05,2017-04-12,2017-04-18
98f618e08f8d,2017-04-10,2017-04-12,2017-04-18
39ccc95d1769,2017-03-25,2017-04-12,2017-04-18
53af7d1db1f8,2017-03-19,2017-04-12,2017-04-18
f98e1e4772b5,2017-04-11,2017-04-12,2017-04-18
76fa5d9eec1b,2017-04-12,2017-04-12,2017-04-18
94e1f39e73c4,2017-03-31,2017-04-12,2017-04-18
bdffbab6aa16,2017-03-14,2017-04-12,2017-04-13
43e8cb6bd8ef,2017-04-09,2017-04-12,2017-04-18
b5de68ffdfd7,2017-04-16,2017-04-16,2017-04-18
f6ab1096051f,2017-03-23,2017-04-12,2017-04-18
97cdeda3a02f,2017-04-04,2017-04-12,2017-04-18
785a4240cea5,2017-03-30,2017-04-12,2017-04-18
d38cdde60cb1,2017-04-06,2017-04-12,2017-04-18
6c94d2b16288,2017-04-09,2017-04-12,2017-04-18
814174e6cb58,2017-03-14,2017-04-12,2017-04-13
5573ac988f84,2017-04-17,2017-04-17,2017-04-18
661234f4d454,2017-04-01,2017-04-12,2017-04-18
65a24068190f,2017-03-13,2017-04-12,2017-04-12
80d4eeea8714,2017-04-12,2017-04-12,2017-04-18
0e1ca416a514,2017-04-08,2017-04-12,2017-04-18
a9aa869f3cab,2017-04-14,2017-04-14,2017-04-18
b1671435d3d8,2017-04-05,2017-04-12,2017-04-18
a027037fde50,2017-04-03,2017-04-12,2017-04-18
521955a63792,2017-03-23,2017-04-12,2017-04-18
e53a2a11ed31,2017-04-05,2017-04-12,2017-04-18
8e98f8eb841c,2017-04-05,2017-04-12,2017-04-18
26c3a3f479dc,2017-03-15,2017-04-12,2017-04-14
d05aae9fb051,2017-04-09,2017-04-12,2017-04-18
d06760c79503,2017-04-14,2017-04-14,2017-04-18
77ebbdd41cd1,2017-03-18,2017-04-12,2017-04-17
509f906aa37c,2017-04-07,2017-04-12,2017-04-18
abc34f883994,2017-03-28,2017-04-12,2017-04-18
0c7c5e36f03c,2017-04-06,2017-04-12,2017-04-18
e0ef03b7a8e3,2017-03-14,2017-04-12,2017-04-13
549cfe8c5543,2017-04-06,2017-04-12,2017-04-18
b4d5ce4cabd4,2017-03-27,2017-04-12,2017-04-18
41f1c367f98a,2017-03-30,2017-04-12,2017-04-18
fe27012cb0b3,2017-04-10,2017-04-12,2017-04-18
1ac11e3b097c,2017-04-17,2017-04-17,2017-04-18
34027a46e463,2017-04-18,2017-04-18,2017-04-18
9c3116889f78,2017-03-27,2017-04-12,2017-04-18
1379aba5a15b,2017-03-25,2017-04-12,2017-04-18
af05bdfce5eb,2017-04-18,2017-04-18,2017-04-18
296569307c2c,2017-03-14,2017-04-12,2017-04-12
c4af0ec0bd7d,2017-03-30,2017-04-12,2017-04-18
ba8ba081e940,2017-03-30,2017-04-12,2017-04-18
4c4769dee254,2017-03-28,2017-04-12,2017-04-18
31d714531cc8,2017-04-13,2017-04-13,2017-04-18
6693c0cfdfdf,2017-03-29,2017-04-12,2017-04-18
502bf0a57697,2017-03-18,2017-04-12,2017-04-16
c4582fce6e34,2017-03-21,2017-04-12,2017-04-18
46f92218b283,2017-04-04,2017-04-12,2017-04-18
842eff815624,2017-03-27,2017-04-12,2017-04-18
6d444895e370,2017-03-19,2017-04-12,2017-04-18
04bf9181f372,2017-04-05,2017-04-12,2017-04-18
d94840c8dfd6,2017-03-29,2017-04-12,2017-04-18
d191834bea23,2017-03-31,2017-04-12,2017-04-18
3e35a67d1746,2017-03-15,2017-04-12,2017-04-14
246fd110c444,2017-04-16,2017-04-16,2017-04-18
e94cbd1a300c,2017-03-22,2017-04-12,2017-04-18
3e02bd255646,2017-04-17,2017-04-17,2017-04-18
375d617bfe5f,2017-04-18,2017-04-18,2017-04-18
b832a8a112e0,2017-04-01,2017-04-12,2017-04-18
745772b30cb4,2017-03-19,2017-04-12,2017-04-18
8197e0933b28,2017-03-15,2017-04-12,2017-04-14
3cbb30a7e88f,2017-03-17,2017-04-12,2017-04-15
b423c4960040,2017-04-11,2017-04-12,2017-04-18
dd6b4ef61450,2017-04-17,2017-04-17,2017-04-18
63fc66192878,2017-03-26,2017-04-12,2017-04-18
923ceff59a5c,2017-03-17,2017-04-12,2017-04-16
a71b0438c557,2017-04-06,2017-04-12,2017-04-18
373ab4fefa35,2017-04-03,2017-04-12,2017-04-18
373ffeea5969,2017-03-30,2017-04-12,2017-04-18
02f515e551e8,2017-03-22,2017-04-12,2017-04-18
4efa9e43b089,2017-04-08,2017-04-12,2017-04-18
053435d74751,2017-04-12,2017-04-12,2017-04-18
efc4f7be700e,2017-03-29,2017-04-12,2017-04-18
f18636315bab,2017-03-22,2017-04-12,2017-04-18
eba13d43b1df,2017-04-18,2017-04-18,2017-04-18
f671c2da00af,2017-04-09,2017-04-12,2017-04-18
945ee172dcb7,2017-04-11,2017-04-12,2017-04-18
9262942854f7,2017-04-01,2017-04-12,2017-04-18
3b613b2d580d,2017-03-31,2017-04-12,2017-04-18
494674d7c44c,2017-04-17,2017-04-17,2017-04-18
1aeeab0540f6,2017-03-21,2017-04-12,2017-04-18
610706e292d9,2017-03-30,2017-04-12,2017-04-18
3cb8d62617f2,2017-04-11,2017-04-12,2017-04-18
24fe510b2a22,2017-03-26,2017-04-12,2017-04-18
e71ad4710eb7,2017-03-27,2017-04-12,2017-04-18
292bae77b0c0,2017-03-14,2017-04-12,2017-04-12
1f090c3f1459,2017-03-16,2017-04-12,2017-04-15
b3054402d36f,2017-03-31,2017-04-12,2017-04-18
f7b530923512,2017-04-13,2017-04-13,2017-04-18
065b9ba2349c,2017-04-11,2017-04-12,2017-04-18
eba345f59b09,2017-03-14,2017-04-12,2017-04-12
3db9a85827d8,2017-04-08,2017-04-12,2017-04-18
c80cab124ec0,2017-04-03,2017-04-12,2017-04-18
b197ffc88ed3,2017-03-21,2017-04-12,2017-04-18
c56ae1653542,2017-04-12,2017-04-12,2017-04-18
0df5782cdacc,2017-04-10,2017-04-12,2017-04-18
095ae6a4f9af,2017-03-30,2017-04-12,2017-04-18
18b7c5e63133,2017-04-06,2017-04-12,2017-04-18
0d34605ca998,2017-04-10,2017-04-12,2017-04-18
935bb244858b,2017-04-02,2017-04-12,2017-04-18
61a28fa5a876,2017-03-15,2017-04-12,2017-04-13
4c32a00c7d8d,2017-03-29,2017-04-12,2017-04-18
9aef1c8aaefd,2017-04-04,2017-04-12,2017-04-18
c3a35ab30de5,2017-04-06,2017-04-12,2017-04-18
f35d9dc0ed56,2017-03-17,2017-04-12,2017-04-16
b9b8355cd302,2017-04-03,2017-04-12,2017-04-18
37ae4456cf15,2017-04-02,2017-04-12,2017-04-18
de1d38bf9232,2017-04-02,2017-04-12,2017-04-18
45a27fe47dca,2017-03-20,2017-04-12,2017-04-18
b6bf88be1270,2017-03-24,2017-04-12,2017-04-18
f48981144e4b,2017-03-30,2017-04-12,2017-04-18
946da519e987,2017-04-15,2017-04-15,2017-04-18
9b8ef0e0ea00,2017-04-01,2017-04-12,2017-04-18
6650d3ed294a,2017-03-19,2017-04-12,2017-04-18
12a16977c9ef,2017-03-19,2017-04-12,2017-04-18
1625c18970fd,2017-04-14,2017-04-14,2017-04-18
e7b7a0b544cc,2017-04-03,2017-04-12,2017-04-18
d45e889e10af,2017-04-01,2017-04-12,2017-04-18
a46c50342ee0,2017-04-08,2017-04-12,2017-04-18
cc03ae48262c,2017-03-17,2017-04-12,2017-04-16
d6b6f04d1910,2017-04-04,2017-04-12,2017-04-18
29d63930ee10,2017-03-18,2017-04-12,2017-04-17
ae90e484ef9a,2017-03-16,2017-04-12,2017-04-15
29436d57abcf,2017-04-04,2017-04-12,2017-04-18
b9e597441bef,2017-04-04,2017-04-12,2017-04-18
280ba560d9cd,2017-03-22,2017-04-12,2017-04-18
b784c7882737,2017-04-13,2017-04-13,2017-04-18
fd33b5f85991,2017-03-30,2017-04-12,2017-04-18
31279fe41029,2017-04-06,2017-04-12,2017-04-18
9fb136c806de,2017-04-10,2017-04-12,2017-04-18
4cea72068ad5,2017-04-05,2017-04-12,2017-04-18
ef60bb9c037b,2017-03-22,2017-04-12,2017-04-18
9ced6378909d,2017-04-08,2017-04-12,2017-04-18
ee9ede11fa97,2017-03-29,2017-04-12,2017-04-18
35920a537650,2017-03-17,2017-04-12,2017-04-16
005f4cc46616,2017-04-01,2017-04-12,2017-04-18
fafc2404559d,2017-04-16,2017-04-16,2017-04-18
305ca856a88c,2017-03-17,2017-04-12,2017-04-16
ecab7ea0a6d2,2017-03-20,2017-04-12,2017-04-18
e93fcdc84b65,2017-03-18,2017-04-12,2017-04-17
6fbc56aee037,2017-04-10,2017-04-12,2017-04-18
eb8a528cfc12,2017-04-11,2017-04-12,2017-04-18
9968b3a4297f,2017-03-18,2017-04-12,2017-04-17
a1bb2616fd07,2017-04-10,2017-04-12,2017-04-18
8826caa71c0a,2017-03-29,2017-04-12,2017-04-18
e7fb7bae0db2,2017-04-16,2017-04-16,2017-04-18
8fb610f7d49f,2017-03-28,2017-04-12,2017-04-18
54cc9f274afa,2017-04-11,2017-04-12,2017-04-18
9d41eaa686b0,2017-04-12,2017-04-12,2017-04-18
127bbf00b0e0,2017-04-13,2017-04-13,2017-04-18
36c98e3796da,2017-04-15,2017-04-15,2017-04-18
25970dee0bc4,2017-04-16,2017-04-16,2017-04-18
6645370bfbd6,2017-04-10,2017-04-12,2017-04-18
71d40282258e,2017-03-31,2017-04-12,2017-04-18
3af06b4ee836,2017-03-18,2017-04-12,2017-04-16
c967ab3f71f1,2017-03-16,2017-04-12,2017-04-15
792451d9cefb,2017-04-07,2017-04-12,2017-04-18
fc3a08c0bd40,2017-04-08,2017-04-12,2017-04-18
a7812e5ce0c3,2017-03-23,2017-04-12,2017-04-18
01fbb63ceda4,2017-04-16,2017-04-16,2017-04-18
604d4b7d3631,2017-03-21,2017-04-12,2017-04-18
f3e6e8d1b9af,2017-04-14,2017-04-14,2017-04-18
f34a6a4a1033,2017-03-28,2017-04-12,2017-04-18
7ab5296eaa18,2017-03-26,2017-04-12,2017-04-18
f43152115afc,2017-03-17,2017-04-12,2017-04-16
3004c3d2e3b5,2017-04-17,2017-04-17,2017-04-18
0432cfb11fa5,2017-03-25,2017-04-12,2017-04-18
a2e5a4c95759,2017-03-16,2017-04-12,2017-04-15
12cc2198678b,2017-04-10,2017-04-12,2017-04-18
fe5e0b956ae8,2017-04-13,2017-04-13,2017-04-18
eec7d8c33ad1,2017-04-01,2017-04-12,2017-04-18
025fed98dbfc,2017-03-22,2017-04-12,2017-04-18
cf13616313e6,2017-04-07,2017-04-12,2017-04-18
b195ee2b672a,2017-04-08,2017-04-12,2017-04-18
1b662ce55b31,2017-03-23,2017-04-12,2017-04-18
be66842765ce,2017-03-25,2017-04-12,2017-04-18
d998864a103d,2017-03-22,2017-04-12,2017-04-18
e103e4567e70,2017-04-12,2017-04-12,2017-04-18
8ede4c18f1a4,2017-03-25,2017-04-12,2017-04-18
cdeb22628ed5,2017-03-22,2017-04-12,2017-04-18
9bcbb06372d6,2017-04-12,2017-04-12,2017-04-18
e0d0a53d77da,2017-03-29,2017-04-12,2017-04-18
1a3a526211e1,2017-03-30,2017-04-12,2017-04-18
2622abb8c9cd,2017-04-11,2017-04-12,2017-04-18
6b12b173f83e,2017-04-09,2017-04-12,2017-04-18
4947426a371c,2017-04-07,2017-04-12,2017-04-18
cc79d4eb0aeb,2017-04-05,2017-04-12,2017-04-18
cdcb1134dd66,2017-03-17,2017-04-12,2017-04-16
5e7d72df6ef4,2017-04-10,2017-04-12,2017-04-18
e2600e8789c6,2017-03-24,2017-04-12,2017-04-18
0cb1080196cf,2017-04-17,2017-04-17,2017-04-18
63b74beddf4d,2017-03-18,2017-04-12,2017-04-16
34e6d5f6e179,2017-04-11,2017-04-12,2017-04-18
ac63e16cbf06,2017-03-30,2017-04-12,2017-04-18
5280730dfc11,2017-04-10,2017-04-12,2017-04-18
6cca33ae4625,2017-03-31,2017-04-12,2017-04-18
3433296a6998,2017-04-01,2017-04-12,2017-04-18
281ba71caa9b,2017-04-08,2017-04-12,2017-04-18
cfd7a3fc6ddd,2017-04-06,2017-04-12,2017-04-18
21621b88e7fb,2017-04-06,2017-04-12,2017-04-18
f795316208ab,2017-03-16,2017-04-12,2017-04-15
942019fb6fb7,2017-04-07,2017-04-12,2017-04-18
250f419b89d0,2017-03-25,2017-04-12,2017-04-18
e40984123f0c,2017-03-18,2017-04-12,2017-04-17
84532fdac45f,2017-04-10,2017-04-12,2017-04-18
9f24d818b210,2017-03-23,2017-04-12,2017-04-18
637c0781e310,2017-04-17,2017-04-17,2017-04-18
1dc5e8516b58,2017-03-23,2017-04-12,2017-04-18
e52b23b2165f,2017-03-15,2017-04-12,2017-04-14
50eff092bf4e,2017-04-13,2017-04-13,2017-04-18
073e3edee5e8,2017-03-30,2017-04-12,2017-04-18
5f0bc747fc12,2017-03-21,2017-04-12,2017-04-18
67852a3e2541,2017-03-24,2017-04-12,2017-04-18
b8b987860237,2017-04-15,2017-04-15,2017-04-18
393c29db7b0e,2017-03-16,2017-04-12,2017-04-15
45abfe48d907,2017-03-18,2017-04-12,2017-04-17
da53ef6e1acc,2017-03-31,2017-04-12,2017-04-18
8e5c298cd007,2017-04-04,2017-04-12,2017-04-18
5f6fe49f425c,2017-04-16,2017-04-16,2017-04-18
04f05e8f17dd,2017-03-22,2017-04-12,2017-04-18
ddfd768face0,2017-03-14,2017-04-12,2017-04-13
d2df5118e3a0,2017-04-15,2017-04-15,2017-04-18
9afed6be3d50,2017-03-31,2017-04-12,2017-04-18
92daa3f2ff71,2017-03-24,2017-04-12,2017-04-18
889a79fb88d2,2017-04-05,2017-04-12,2017-04-18
c6c8ac7f4348,2017-04-13,2017-04-13,2017-04-18
09ab2354a991,2017-03-18,2017-04-12,2017-04-16
6d0d5295b789,2017-03-19,2017-04-12,2017-04-18
7ff3aba9d2ee,2017-04-09,2017-04-12,2017-04-18
481dd999de69,2017-04-05,2017-04-12,2017-04-18
583b2c1f025f,2017-04-08,2017-04-12,2017-04-18
34357d833ccb,2017-03-27,2017-04-12,2017-04-18
cf61ed59d585,2017-03-31,2017-04-12,2017-04-18
5ba29c7587ca,2017-04-08,2017-04-12,2017-04-18
c9277b9a4367,2017-04-17,2017-04-17,2017-04-18
cde045f4305f,2017-04-10,2017-04-12,2017-04-18
fbe6325eb928,2017-04-04,2017-04-12,2017-04-18
d0d7711c2458,2017-03-20,2017-04-12,2017-04-18
2edee76fad79,2017-04-18,2017-04-18,2017-04-18
ace2848840e5,2017-03-31,2017-04-12,2017-04-18
763265d83b2f,2017-03-22,2017-04-12,2017-04-18
903988de79f8,2017-04-14,2017-04-14,2017-04-18
e6cddf36dfaf,2017-04-09,2017-04-12,2017-04-18
d7d7166e1218,2017-03-19,2017-04-12,2017-04-17
f20b74225e55,2017-04-07,2017-04-12,2017-04-18
b5f2dd3480a0,2017-04-09,2017-04-12,2017-04-18
c93cec38519a,2017-04-06,2017-04-12,2017-04-18
5da62a7ef39a,2017-04-02,2017-04-12,2017-04-18
c48b67875daf,2017-04-11,2017-04-12,2017-04-18
321cf0218569,2017-04-15,2017-04-16,2017-04-18
20056676ca45,2017-03-15,2017-04-12,2017-04-14
bb9c963e3291,2017-04-04,2017-04-12,2017-04-18
2015b15fe019,2017-03-28,2017-04-12,2017-04-18
144403eca54d,2017-04-07,2017-04-12,2017-04-13
03a615fdcb77,2017-03-27,2017-04-12,2017-04-18
b755279921cd,2017-03-16,2017-04-12,2017-04-14
549ea833651e,2017-04-02,2017-04-12,2017-04-18
d1bc04c6c6fc,2017-03-15,2017-04-12,2017-04-14
f56714483971,2017-04-12,2017-04-12,2017-04-18
2755baa7a652,2017-04-01,2017-04-12,2017-04-18
7e6ce795edbe,2017-03-26,2017-04-12,2017-04-18
e60aacfc1550,2017-03-19,2017-04-12,2017-04-18
bbc89bafc8aa,2017-03-30,2017-04-12,2017-04-18
a600c50555ba,2017-04-05,2017-04-12,2017-04-14
22d293a91ae2,2017-04-01,2017-04-12,2017-04-18
d7e7c2a66e47,2017-04-15,2017-04-15,2017-04-18
1f1bac635dab,2017-04-13,2017-04-13,2017-04-18
ff47b8bc8de4,2017-04-15,2017-04-15,2017-04-18
7bffaf8c07cb,2017-04-01,2017-04-12,2017-04-18
25bf89c5ca37,2017-03-28,2017-04-12,2017-04-18
aff437dd4da4,2017-03-14,2017-04-12,2017-04-12
9671fd55fef3,2017-03-21,2017-04-12,2017-04-18
71754ed566c0,2017-04-02,2017-04-12,2017-04-18
0de92c595c14,2017-03-26,2017-04-12,2017-04-18
dc097e8b3116,2017-04-12,2017-04-12,2017-04-18
92f5dddde9c5,2017-04-08,2017-04-12,2017-04-18
2a7f27d5957a,2017-04-12,2017-04-12,2017-04-18
f8a935104f32,2017-03-14,2017-04-12,2017-04-13
0d3167ce2c7b,2017-04-06,2017-04-12,2017-04-18
0075d3fc64ae,2017-03-17,2017-04-12,2017-04-17
b993caaf6eb1,2017-04-13,2017-04-13,2017-04-18
d39d3f526498,2017-04-05,2017-04-12,2017-04-18
a00443679d18,2017-04-17,2017-04-17,2017-04-18
3954550ba3ee,2017-04-13,2017-04-13,2017-04-18
1f2654726466,2017-03-14,2017-04-12,2017-04-12
bf10aa909145,2017-04-05,2017-04-12,2017-04-18
8c95bb4c9e99,2017-03-18,2017-04-12,2017-04-17
1ac3c91ed453,2017-03-22,2017-04-12,2017-04-18
cfd2e665ac94,2017-03-15,2017-04-12,2017-04-14
dcfa030cc818,2017-04-05,2017-04-12,2017-04-18
d057889827a3,2017-03-19,2017-04-12,2017-04-18
d4753fad2d6d,2017-04-06,2017-04-12,2017-04-18
6f234bfff7da,2017-03-22,2017-04-12,2017-04-18
501cd056ab77,2017-04-06,2017-04-12,2017-04-18
a43d29104d8c,2017-04-13,2017-04-13,2017-04-18
cf41812f13c0,2017-04-14,2017-04-14,2017-04-18
2006c3e1e3cb,2017-04-07,2017-04-12,2017-04-18
f45197e93509,2017-04-12,2017-04-12,2017-04-18
f49680e8af3b,2017-04-14,2017-04-14,2017-04-18
b220c0b133a9,2017-03-21,2017-04-12,2017-04-18
65cbba1389a0,2017-04-10,2017-04-12,2017-04-18
22dec9cb00a5,2017-04-09,2017-04-12,2017-04-18
3ed3b821c15c,2017-04-15,2017-04-15,2017-04-18
082e97d25510,2017-03-30,2017-04-12,2017-04-18
e07282020ac4,2017-03-16,2017-04-12,2017-04-15
e93f3c58ef4d,2017-03-26,2017-04-12,2017-04-18
9d53d3039336,2017-04-12,2017-04-12,2017-04-18
34e863842e2e,2017-03-29,2017-04-12,2017-04-18
578f81f41772,2017-03-31,2017-04-12,2017-04-18
cb4713bcd508,2017-03-20,2017-04-12,2017-04-18
83ac9ca3e204,2017-03-30,2017-04-12,2017-04-18
0ec684ca088b,2017-04-09,2017-04-12,2017-04-18
94c519b46c3c,2017-04-17,2017-04-17,2017-04-18
628b621e446a,2017-03-18,2017-04-12,2017-04-17
3ec6cc76ba91,2017-03-26,2017-04-12,2017-04-18
389e4728f95b,2017-04-15,2017-04-15,2017-04-18
e5d36d699cee,2017-03-24,2017-04-12,2017-04-18
06ef68c59824,2017-04-09,2017-04-12,2017-04-18
0d914a2eb5ad,2017-04-07,2017-04-12,2017-04-13
8ef54710b34d,2017-04-15,2017-04-15,2017-04-18
29164edf4d00,2017-04-04,2017-04-12,2017-04-18
46ae5cc7f519,2017-04-02,2017-04-12,2017-04-18
6a1273169e04,2017-04-15,2017-04-15,2017-04-18
060e534befdb,2017-04-07,2017-04-12,2017-04-18
c88814cea837,2017-03-23,2017-04-12,2017-04-18
eafcfe938435,2017-03-16,2017-04-12,2017-04-15
62d3b14053fd,2017-04-08,2017-04-12,2017-04-18
afed1664ba30,2017-04-04,2017-04-12,2017-04-18
01ba5f83e710,2017-03-26,2017-04-12,2017-04-18
aeb073b93d20,2017-04-10,2017-04-12,2017-04-18
38fa021e7572,2017-04-12,2017-04-12,2017-04-18
1ab129fb5a41,2017-03-16,2017-04-12,2017-04-15
964ad7f0a453,2017-03-18,2017-04-12,2017-04-17
c413636bda86,2017-04-11,2017-04-12,2017-04-18
9f933b1a4090,2017-03-24,2017-04-12,2017-04-18
42556440901d,2017-03-14,2017-04-12,2017-04-13
ec91885f06bf,2017-04-11,2017-04-12,2017-04-18
1d504dfd6017,2017-04-08,2017-04-12,2017-04-18
5181bb083cc4,2017-03-22,2017-04-12,2017-04-18
5bb5ccb5b93d,2017-04-14,2017-04-14,2017-04-18
d2126fae9858,2017-04-10,2017-04-12,2017-04-18
321a6c71b7a0,2017-03-17,2017-04-12,2017-04-16
b27ba9ba8328,2017-04-11,2017-04-12,2017-04-18
c9ab5f668678,2017-04-17,2017-04-17,2017-04-18
a424c88d4062,2017-04-03,2017-04-12,2017-04-18
e92f0c591cb3,2017-04-13,2017-04-13,2017-04-18
c23b83de84d2,2017-03-19,2017-04-12,2017-04-17
9ebde06d794f,2017-03-31,2017-04-12,2017-04-18
aec983839644,2017-04-08,2017-04-12,2017-04-18
2d36912d0aab,2017-03-16,2017-04-12,2017-04-15
2909a32d9d00,2017-04-04,2017-04-12,2017-04-18
21637e13a8b4,2017-03-30,2017-04-12,2017-04-18
392c763bc1a9,2017-03-28,2017-04-12,2017-04-18
61dd0910ddb9,2017-04-01,2017-04-12,2017-04-18
32206d407271,2017-04-11,2017-04-12,2017-04-12
e55ed4aa36de,2017-03-30,2017-04-12,2017-04-18
24023f0baf28,2017-04-11,2017-04-12,2017-04-18
5739bf532353,2017-03-13,2017-04-12,2017-04-12
a885d90514bc,2017-03-15,2017-04-12,2017-04-14
87610982a6bd,2017-04-08,2017-04-12,2017-04-18
9032a67e0aa1,2017-04-17,2017-04-17,2017-04-18
6c34cd2eb3e6,2017-03-19,2017-04-12,2017-04-18
5d169dbdef1b,2017-03-14,2017-04-12,2017-04-13
2c9dafbc7b45,2017-04-10,2017-04-12,2017-04-18
c0e34b03a3b6,2017-03-31,2017-04-12,2017-04-18
78c6e66e8e16,2017-03-28,2017-04-12,2017-04-18
caf5b067e4b7,2017-04-12,2017-04-12,2017-04-18
14147cc5a8a4,2017-04-06,2017-04-12,2017-04-18
6d7d5e841f3b,2017-03-29,2017-04-12,2017-04-14
d11a8ef044b1,2017-03-24,2017-04-12,2017-04-18
d285f4635c2d,2017-04-01,2017-04-12,2017-04-18
ec5e272c13df,2017-04-03,2017-04-12,2017-04-18
0288058a9e3a,2017-04-17,2017-04-17,2017-04-18
0e438cdbc325,2017-04-05,2017-04-12,2017-04-18
6fbc9623416e,2017-03-16,2017-04-12,2017-04-15
4e1f048292ea,2017-04-01,2017-04-12,2017-04-18
48154e64aff4,2017-04-14,2017-04-14,2017-04-18
32a40e83f704,2017-04-10,2017-04-12,2017-04-18
0ffd66bb855b,2017-04-16,2017-04-16,2017-04-16
dd9a24a598f8,2017-04-16,2017-04-16,2017-04-18
c9994965e018,2017-03-30,2017-04-12,2017-04-15
78d0fc1ddecb,2017-04-04,2017-04-12,2017-04-18
aff27dd410aa,2017-04-12,2017-04-12,2017-04-18
6488a75bf1c5,2017-03-28,2017-04-12,2017-04-18
71eeb7f52cd8,2017-04-08,2017-04-12,2017-04-18
64287bde88a4,2017-03-20,2017-04-12,2017-04-18
19a663eb41f7,2017-04-17,2017-04-17,2017-04-18
726eed44a312,2017-04-09,2017-04-12,2017-04-18
d75745e19ec3,2017-03-15,2017-04-12,2017-04-14
3bcdaa082ed4,2017-03-29,2017-04-12,2017-04-18
2980ff376f55,2017-04-08,2017-04-12,2017-04-18
dbf5f74f5368,2017-04-12,2017-04-12,2017-04-18
e830df49ed17,2017-04-06,2017-04-12,2017-04-18
39ab0f7c7cf2,2017-03-18,2017-04-12,2017-04-17
8be9db2325bc,2017-03-22,2017-04-12,2017-04-18
91cbeb2b6e0b,2017-04-03,2017-04-12,2017-04-18
9137dea216cb,2017-04-08,2017-04-12,2017-04-18
135fe308d59f,2017-03-15,2017-04-12,2017-04-14
01c805e1f8af,2017-03-31,2017-04-12,2017-04-18
4a8ba32f9fdc,2017-03-24,2017-04-12,2017-04-18
df69b29f41e0,2017-03-15,2017-04-12,2017-04-14
a1abbb703544,2017-04-14,2017-04-14,2017-04-18
edf0ac333ed3,2017-04-16,2017-04-16,2017-04-18
48c361f92012,2017-04-05,2017-04-12,2017-04-18
becc2bd6588c,2017-04-11,2017-04-12,2017-04-18
ce690540b92a,2017-03-21,2017-04-12,2017-04-18
18c18125ec11,2017-04-08,2017-04-12,2017-04-18
417b15469fe6,2017-03-28,2017-04-12,2017-04-18
a4ef19fe267e,2017-04-18,2017-04-18,2017-04-18
a7c80c61514d,2017-04-11,2017-04-12,2017-04-18
3dea8081efd9,2017-03-17,2017-04-12,2017-04-16
513d60789cbd,2017-03-26,2017-04-12,2017-04-18
3bb20fc59881,2017-03-22,2017-04-12,2017-04-18
6f8cac1daeed,2017-04-17,2017-04-17,2017-04-18
1586f3aea99a,2017-04-03,2017-04-12,2017-04-18
f83ac792e9a3,2017-03-29,2017-04-12,2017-04-18
1cb66b6882f0,2017-04-07,2017-04-12,2017-04-18
f6bd194e3eb2,2017-04-04,2017-04-12,2017-04-18
b20c7005d2fe,2017-03-27,2017-04-12,2017-04-18
ba349ab29009,2017-04-12,2017-04-12,2017-04-18
3c7d5702bbf4,2017-04-07,2017-04-12,2017-04-18
f2c3e796b6d2,2017-03-29,2017-04-12,2017-04-18
afe2095f3caa,2017-04-12,2017-04-12,2017-04-18
e192fd5d33e6,2017-04-12,2017-04-12,2017-04-18
af01a6f09d9a,2017-04-07,2017-04-12,2017-04-13
560ad78f439c,2017-03-21,2017-04-12,2017-04-18
454c20926148,2017-03-26,2017-04-12,2017-04-18
a10e8ae365d4,2017-03-28,2017-04-12,2017-04-18
bde39738b2cb,2017-04-09,2017-04-12,2017-04-18
0a0fd7e5f67c,2017-03-15,2017-04-12,2017-04-14
fb208065f95e,2017-03-19,2017-04-12,2017-04-18
4e454cb283c3,2017-04-08,2017-04-12,2017-04-18
b4dec29acddd,2017-03-21,2017-04-12,2017-04-18
2cd8a2580fa3,2017-04-13,2017-04-13,2017-04-18
3c88a17513fa,2017-04-12,2017-04-12,2017-04-18
679918d4f407,2017-03-18,2017-04-12,2017-04-17
5719201d0e06,2017-04-17,2017-04-17,2017-04-18
1664d8b9f569,2017-04-04,2017-04-12,2017-04-18
35c78e17c09b,2017-04-11,2017-04-12,2017-04-18
3995cc87faa1,2017-04-02,2017-04-12,2017-04-18
9270991a76da,2017-04-03,2017-04-12,2017-04-18
7b80af3ac8c1,2017-04-09,2017-04-12,2017-04-18
9a5df1d7d9f8,2017-04-14,2017-04-14,2017-04-18
0c941a3bc75a,2017-04-01,2017-04-12,2017-04-18
7067684b5c2f,2017-03-20,2017-04-12,2017-04-18
06af2002021a,2017-04-10,2017-04-12,2017-04-18
b1e40d410c00,2017-04-16,2017-04-16,2017-04-18
32a316eebd4b,2017-04-11,2017-04-12,2017-04-18
fc7f1f1078c8,2017-03-19,2017-04-12,2017-04-17
4a06167c38a2,2017-03-15,2017-04-12,2017-04-14
18ad6f4ea874,2017-04-06,2017-04-12,2017-04-18
cbfe59216013,2017-03-25,2017-04-12,2017-04-18
88dc3f20a212,2017-03-26,2017-04-12,2017-04-18
ef7f3d7b16b7,2017-04-06,2017-04-12,2017-04-18
7dbe5e24f801,2017-03-30,2017-04-12,2017-04-18
64f30f5b694a,2017-04-13,2017-04-13,2017-04-18
a221e0483716,2017-03-15,2017-04-12,2017-04-14
e5665054ab1d,2017-04-14,2017-04-14,2017-04-18
084eec8f1b9e,2017-04-05,2017-04-12,2017-04-18
cbd97613fc56,2017-03-22,2017-04-12,2017-04-18
368b2c966a75,2017-03-18,2017-04-12,2017-04-17
f9fc9a5ebd03,2017-04-17,2017-04-17,2017-04-18
f149722fcb67,2017-03-15,2017-04-12,2017-04-13
3adb5ddd6e3f,2017-04-02,2017-04-12,2017-04-18
2578448a77c2,2017-04-08,2017-04-12,2017-04-18
cfc30db2114a,2017-04-12,2017-04-12,2017-04-18
c552c9985c2a,2017-04-05,2017-04-12,2017-04-18
92bb65538c35,2017-03-25,2017-04-12,2017-04-18
46b5d02384e4,2017-03-25,2017-04-12,2017-04-18
58c2e0813e31,2017-04-11,2017-04-12,2017-04-18
d0fa424c64c8,2017-04-18,2017-04-18,2017-04-18
c52ab22d2917,2017-04-11,2017-04-12,2017-04-18
53c9c379c173,2017-04-01,2017-04-12,2017-04-18
2ac85dc695cc,2017-04-14,2017-04-14,2017-04-18
0241234c3793,2017-03-26,2017-04-12,2017-04-18
2353cf9168ee,2017-04-03,2017-04-12,2017-04-18
447e2d244430,2017-03-27,2017-04-12,2017-04-18
f2473b80e7fd,2017-04-13,2017-04-13,2017-04-18
8f2f04f83557,2017-03-23,2017-04-12,2017-04-18
095e9ccf3a46,2017-04-13,2017-04-13,2017-04-18
ad54d960eeb6,2017-03-21,2017-04-12,2017-04-18
855e7e2938e3,2017-03-15,2017-04-12,2017-04-13
117c39dc7837,2017-03-28,2017-04-12,2017-04-18
1cede35bf9fe,2017-04-16,2017-04-16,2017-04-18
2fc68432d5e8,2017-03-21,2017-04-12,2017-04-18
912fd395e150,2017-03-14,2017-04-12,2017-04-13
7df227cd435a,2017-03-20,2017-04-12,2017-04-18
2d8244140ccf,2017-04-04,2017-04-12,2017-04-18
79ec929c1e59,2017-03-22,2017-04-12,2017-04-18
b6c864594688,2017-03-19,2017-04-12,2017-04-18
cd49c4558d9b,2017-04-13,2017-04-13,2017-04-18
5c4683276fab,2017-04-10,2017-04-12,2017-04-18
a38f7be22229,2017-04-06,2017-04-12,2017-04-18
97aa5ea179e3,2017-03-23,2017-04-12,2017-04-18
c7eb117e2f70,2017-03-14,2017-04-12,2017-04-13
565fb797fb3c,2017-03-20,2017-04-12,2017-04-18
e453db2a5669,2017-04-04,2017-04-12,2017-04-18
6c128486a8b6,2017-03-25,2017-04-12,2017-04-18
2b01921e2b8a,2017-04-17,2017-04-17,2017-04-18
897b23a0b20e,2017-03-15,2017-04-12,2017-04-14
245de3358c77,2017-03-26,2017-04-12,2017-04-18
d63c1e56243d,2017-03-14,2017-04-12,2017-04-12
f83c2b4ec202,2017-03-18,2017-04-12,2017-04-16
910bffef8313,2017-04-01,2017-04-12,2017-04-18
59aad4da38c5,2017-04-06,2017-04-12,2017-04-18
3fd54a25d109,2017-03-20,2017-04-12,2017-04-18
2744f6445b5f,2017-03-20,2017-04-12,2017-04-18
08a438f60d6f,2017-04-02,2017-04-12,2017-04-18
1c340e9cc2b2,2017-03-13,2017-04-12,2017-04-12
7ca207a22f2e,2017-03-22,2017-04-12,2017-04-18
7f8250019f9c,2017-04-12,2017-04-12,2017-04-18
422bd8c2e805,2017-04-14,2017-04-14,2017-04-18
2b7e151d5d73,2017-03-20,2017-04-12,2017-04-18
febb59733ddc,2017-03-28,2017-04-12,2017-04-18
77bfc60b83d6,2017-04-09,2017-04-12,2017-04-18
d457db1118e3,2017-04-18,2017-04-18,2017-04-18
e80dc3df58a7,2017-03-31,2017-04-12,2017-04-18
22a316a3fda9,2017-03-14,2017-04-12,2017-04-12
7b64ea960d9f,2017-03-26,2017-04-12,2017-04-18
c3e21641a3bb,2017-03-26,2017-04-12,2017-04-18
3f784f0d5a28,2017-04-01,2017-04-12,2017-04-18
d733ed9a7717,2017-04-03,2017-04-12,2017-04-18
4a1a94e60452,2017-03-28,2017-04-12,2017-04-18
f1d819d12287,2017-03-14,2017-04-12,2017-04-13
9228e6665e84,2017-04-08,2017-04-12,2017-04-18
93493ef40a3c,2017-04-10,2017-04-12,2017-04-18
521999f738e1,2017-03-22,2017-04-12,2017-04-18
17938e5361cb,2017-04-17,2017-04-17,2017-04-18
11b6e03b1c39,2017-03-29,2017-04-12,2017-04-18
fd4e4b379052,2017-03-14,2017-04-12,2017-04-13
416e5affeb93,2017-03-16,2017-04-12,2017-04-15
74f31ff25f9c,2017-04-13,2017-04-13,2017-04-18
cbba7a3283be,2017-04-13,2017-04-13,2017-04-18
47bc9de6c56b,2017-04-16,2017-04-16,2017-04-18
e26db6aeaabc,2017-04-04,2017-04-12,2017-04-18
5a034a95e8f5,2017-04-02,2017-04-12,2017-04-18
098f31961f9c,2017-03-14,2017-04-12,2017-04-13
6423f3188ff3,2017-04-16,2017-04-16,2017-04-18
a0149afce4be,2017-04-04,2017-04-12,2017-04-18
c3321714cc54,2017-03-25,2017-04-12,2017-04-15
88cbe86eff74,2017-03-29,2017-04-12,2017-04-18
f01602a02698,2017-03-27,2017-04-12,2017-04-18
e03712851d83,2017-03-25,2017-04-12,2017-04-18
2652d7cb253f,2017-03-14,2017-04-12,2017-04-13
30bba30e2f13,2017-03-30,2017-04-12,2017-04-18
211a69fcf07f,2017-04-11,2017-04-12,2017-04-18
f1ece5f87041,2017-04-18,2017-04-18,2017-04-18
8cf806025322,2017-03-30,2017-04-12,2017-04-18
a8cc0343c560,2017-04-17,2017-04-17,2017-04-18
94f1525e7c73,2017-04-11,2017-04-12,2017-04-18
daad1cd0bf03,2017-04-15,2017-04-15,2017-04-18
dde23213b49c,2017-04-08,2017-04-12,2017-04-18
935f5e9f27a5,2017-04-10,2017-04-12,2017-04-18
7d4681c17a24,2017-03-20,2017-04-12,2017-04-18
ec8bc025e027,2017-03-22,2017-04-12,2017-04-18
42ee0e12f25e,2017-04-11,2017-04-12,2017-04-18
4335f9f2d8c6,2017-03-16,2017-04-12,2017-04-15
6932436be4d2,2017-03-30,2017-04-12,2017-04-18
d6937178a027,2017-03-31,2017-04-12,2017-04-18
00109fb62160,2017-03-21,2017-04-12,2017-04-18
3e6d0349595c,2017-03-29,2017-04-12,2017-04-18
7a44d7390850,2017-03-30,2017-04-12,2017-04-18
0eda8bae56cf,2017-03-14,2017-04-12,2017-04-12
3090846ab61d,2017-03-14,2017-04-12,2017-04-13
c82181c04289,2017-04-08,2017-04-12,2017-04-18
2daae5e84c9c,2017-03-15,2017-04-12,2017-04-14
31fbebecb7f4,2017-03-18,2017-04-12,2017-04-16
ebeb7b7afb52,2017-03-19,2017-04-12,2017-04-18
1df361ab5f12,2017-04-07,2017-04-12,2017-04-18
e46c63479391,2017-03-17,2017-04-12,2017-04-16
02e150de4c6b,2017-03-27,2017-04-12,2017-04-18
50a9e373a4da,2017-04-15,2017-04-15,2017-04-18
89cb982517a4,2017-03-15,2017-04-12,2017-04-14
4e9a14fbb90e,2017-04-14,2017-04-14,2017-04-18
4dfa355b94a4,2017-04-10,2017-04-12,2017-04-18
06621902a779,2017-03-23,2017-04-12,2017-04-18
e2952e98182c,2017-03-30,2017-04-12,2017-04-18
9034cfbc35ed,2017-03-17,2017-04-12,2017-04-16
310c37fe5d73,2017-04-04,2017-04-12,2017-04-18
1f5c0e3658f7,2017-03-13,2017-04-12,2017-04-12
f095ed10aa16,2017-04-08,2017-04-12,2017-04-18
2e83c3065ec6,2017-03-20,2017-04-12,2017-04-18
c5ae99d57a99,2017-03-20,2017-04-12,2017-04-18
8e5ee31d2e01,2017-04-18,2017-04-18,2017-04-18
0abde6c43879,2017-03-25,2017-04-12,2017-04-18
d98f6ff0a86a,2017-04-12,2017-04-12,2017-04-18
fb5494750733,2017-04-01,2017-04-12,2017-04-18
c8fc57130805,2017-04-08,2017-04-12,2017-04-18
991a08f14311,2017-04-10,2017-04-12,2017-04-18
f5f2abf5ab57,2017-03-30,2017-04-12,2017-04-18
e8d157fcc480,2017-04-10,2017-04-12,2017-04-18
8358c3bb55d9,2017-04-12,2017-04-12,2017-04-18
caa762ad654e,2017-04-13,2017-04-13,2017-04-18
5f350d832743,2017-03-28,2017-04-12,2017-04-16
f66a63a8e80c,2017-03-24,2017-04-12,2017-04-18
bbf9fda01cc0,2017-04-10,2017-04-12,2017-04-18
715d703def70,2017-03-17,2017-04-12,2017-04-16
b52a089f70a8,2017-03-29,2017-04-12,2017-04-18
c4198ef0baf1,2017-04-03,2017-04-12,2017-04-18
22d818490f47,2017-04-10,2017-04-12,2017-04-18
61168bbb9730,2017-04-06,2017-04-12,2017-04-18
3524ab6d836d,2017-04-05,2017-04-12,2017-04-18
a766cb0f3cc8,2017-04-05,2017-04-12,2017-04-18
3f25a0dc069f,2017-03-29,2017-04-12,2017-04-18
63e38ba31011,2017-03-30,2017-04-12,2017-04-18
c70f45497e21,2017-04-07,2017-04-12,2017-04-18
22815c23a9a9,2017-03-16,2017-04-12,2017-04-15
a714295b058c,2017-03-23,2017-04-12,2017-04-18
406385d6302c,2017-04-16,2017-04-16,2017-04-18
5405bb7dae34,2017-04-12,2017-04-12,2017-04-13
36937bab3b9e,2017-04-05,2017-04-12,2017-04-18
2cd396ba27d3,2017-04-03,2017-04-12,2017-04-18
032a6afffbe8,2017-04-04,2017-04-12,2017-04-18
dad972b08138,2017-04-04,2017-04-12,2017-04-18
af0f69a83a62,2017-04-05,2017-04-12,2017-04-18
1e1d76df77ac,2017-03-23,2017-04-12,2017-04-18
ba92abb3c8d0,2017-03-31,2017-04-12,2017-04-18
53dfbdf72030,2017-04-11,2017-04-12,2017-04-18
50154d1068ac,2017-04-16,2017-04-16,2017-04-18
50717a7b0687,2017-03-27,2017-04-12,2017-04-18
b451e2ee0bea,2017-03-13,2017-04-12,2017-04-12
95d6b96db5e8,2017-03-18,2017-04-12,2017-04-17
e8fbf1733c0f,2017-04-04,2017-04-12,2017-04-18
c2f5deedb4d8,2017-03-21,2017-04-12,2017-04-18
160178dde0bd,2017-04-05,2017-04-12,2017-04-18
12f170763f08,2017-03-22,2017-04-12,2017-04-18
a930b2b842dd,2017-03-15,2017-04-12,2017-04-13
ee9ebae04407,2017-03-27,2017-04-12,2017-04-18
8e3eabb01115,2017-03-18,2017-04-12,2017-04-17
fa7522f9764c,2017-03-30,2017-04-12,2017-04-18
d570fe8f4440,2017-03-20,2017-04-12,2017-04-18
e065f3544297,2017-04-03,2017-04-12,2017-04-18
da66463ef03a,2017-03-22,2017-04-12,2017-04-18
cc2151e07aad,2017-04-14,2017-04-14,2017-04-18
ed196d7e11b0,2017-03-21,2017-04-12,2017-04-18
ea38515ca504,2017-04-03,2017-04-12,2017-04-18
cbdd8a49e2a6,2017-03-27,2017-04-12,2017-04-18
87a2f40dfefa,2017-04-02,2017-04-12,2017-04-18
83749853e613,2017-03-14,2017-04-12,2017-04-12
0c56904bbade,2017-03-21,2017-04-12,2017-04-18
1234a5bb5d99,2017-03-27,2017-04-12,2017-04-18
735622d65544,2017-03-24,2017-04-12,2017-04-18
ed1f6f336c1d,2017-03-14,2017-04-12,2017-04-13
02a330f451f4,2017-04-09,2017-04-12,2017-04-18
135535406914,2017-03-25,2017-04-12,2017-04-18
5a0492795689,2017-04-13,2017-04-13,2017-04-18
ac9eb1975cd1,2017-03-28,2017-04-12,2017-04-18
585a261fe94b,2017-03-27,2017-04-12,2017-04-18
cbca70089a81,2017-03-29,2017-04-12,2017-04-18
a1b2f5d6c7d0,2017-03-21,2017-04-12,2017-04-18
2a57b56d685d,2017-03-20,2017-04-12,2017-04-18
c4afff71297f,2017-03-31,2017-04-12,2017-04-18
df4f9e38afc1,2017-04-02,2017-04-12,2017-04-15
5cc870e29eb9,2017-03-26,2017-04-12,2017-04-18
a8e61b19f46e,2017-03-19,2017-04-12,2017-04-17
cc5cc5509970,2017-03-21,2017-04-12,2017-04-18
27d927be8d28,2017-04-17,2017-04-17,2017-04-18
28fd977d0903,2017-03-21,2017-04-12,2017-04-18
383da17fdfcb,2017-04-10,2017-04-12,2017-04-18
17ecd3e39102,2017-04-02,2017-04-12,2017-04-18
5cb390e99e11,2017-03-17,2017-04-12,2017-04-16
5f7880db2277,2017-03-24,2017-04-12,2017-04-18
45d973d5ea16,2017-04-11,2017-04-12,2017-04-18
7c74a6300ed6,2017-04-08,2017-04-12,2017-04-18
a31be7aac82c,2017-03-15,2017-04-12,2017-04-14
1c3ca02282d1,2017-03-14,2017-04-12,2017-04-12
6ac88f46b34f,2017-03-25,2017-04-12,2017-04-18
96daa83fa24b,2017-04-02,2017-04-12,2017-04-18
4fc9cfb86510,2017-03-16,2017-04-12,2017-04-14
da27818423db,2017-03-28,2017-04-12,2017-04-18
79266f75b44a,2017-04-14,2017-04-14,2017-04-18
c5b0ecb84508,2017-03-16,2017-04-12,2017-04-15
416f9b24a6be,2017-04-11,2017-04-12,2017-04-18
5ce8cebc0b1f,2017-03-25,2017-04-12,2017-04-18
05fcad13f225,2017-04-05,2017-04-12,2017-04-18
4ce42ff45302,2017-04-04,2017-04-12,2017-04-18
00198c6d48ab,2017-04-07,2017-04-12,2017-04-18
6f83689a4450,2017-04-10,2017-04-12,2017-04-18
04ee9677edc5,2017-04-10,2017-04-12,2017-04-18
ccb3d4cd6cbf,2017-04-18,2017-04-18,2017-04-18
f62882ad12b7,2017-04-11,2017-04-12,2017-04-18
1f39eb73341c,2017-04-18,2017-04-18,2017-04-18
0d375f1fbb9a,2017-04-14,2017-04-14,2017-04-18
ca7a17d41b3a,2017-04-13,2017-04-13,2017-04-18
66d5e12c3657,2017-04-10,2017-04-12,2017-04-18
f4ec63c31b14,2017-04-11,2017-04-12,2017-04-18
007316d3e51d,2017-04-11,2017-04-12,2017-04-18
98a5da8c7dcf,2017-04-06,2017-04-12,2017-04-18
90d30f188a2d,2017-03-25,2017-04-12,2017-04-18
8e68009bf7af,2017-04-07,2017-04-12,2017-04-18
530528a87612,2017-04-13,2017-04-13,2017-04-18
b3651b73aed2,2017-04-13,2017-04-13,2017-04-18
6ae2db85c00c,2017-03-14,2017-04-12,2017-04-12
8c856ef6a875,2017-04-16,2017-04-16,2017-04-17
041fe83ce881,2017-03-22,2017-04-12,2017-04-18
bbeb98559284,2017-04-02,2017-04-12,2017-04-18
f1af638fb3a6,2017-03-31,2017-04-12,2017-04-18
84135bb418af,2017-03-16,2017-04-12,2017-04-15
aa1d1e94fb08,2017-03-14,2017-04-12,2017-04-13
fc5a15e7b9b2,2017-04-07,2017-04-12,2017-04-18
294723b53132,2017-04-17,2017-04-17,2017-04-18
4e21f61fd4bb,2017-04-04,2017-04-12,2017-04-18
99c7c0d5dc6e,2017-03-21,2017-04-12,2017-04-18
aedf9fe03508,2017-03-26,2017-04-12,2017-04-18
54fcae829053,2017-04-14,2017-04-14,2017-04-18
1da8157d13b5,2017-04-06,2017-04-12,2017-04-18
475c7ea8474f,2017-03-14,2017-04-12,2017-04-13
54bd5397779d,2017-04-14,2017-04-14,2017-04-18
9e1f4081516e,2017-04-05,2017-04-12,2017-04-18
10671aaa4a5b,2017-04-01,2017-04-12,2017-04-18
2c6e0fc507c5,2017-03-31,2017-04-12,2017-04-18
0e5122a3e4a3,2017-04-04,2017-04-12,2017-04-18
1d023bee9b11,2017-04-14,2017-04-14,2017-04-18
29248cc2b783,2017-03-15,2017-04-12,2017-04-14
3cb0c428fff4,2017-04-05,2017-04-12,2017-04-18
e328711eea56,2017-03-29,2017-04-12,2017-04-18
dddf8f0a8a18,2017-03-30,2017-04-12,2017-04-18
67a610878492,2017-03-15,2017-04-12,2017-04-14
2cdd1ea2e848,2017-04-04,2017-04-12,2017-04-18
ec3584e2cd76,2017-03-23,2017-04-12,2017-04-18
9c907bb4d894,2017-03-17,2017-04-12,2017-04-16
ddba9bbe256a,2017-03-29,2017-04-12,2017-04-18
03ab7e93b0a1,2017-03-23,2017-04-12,2017-04-18
e59a583f48df,2017-03-18,2017-04-12,2017-04-16
dc7c4ef24091,2017-04-03,2017-04-12,2017-04-18
17c2ecc75882,2017-03-20,2017-04-12,2017-04-18
b406609f4e6b,2017-04-04,2017-04-12,2017-04-18
e138edde7be3,2017-03-27,2017-04-12,2017-04-18
dfcbedd86d6f,2017-03-17,2017-04-12,2017-04-16
87ba10049806,2017-04-09,2017-04-12,2017-04-18
85d292eaa15a,2017-04-09,2017-04-12,2017-04-18
91ed2d8ce4a2,2017-03-04,2017-04-12,2017-04-18
5ed415ee0928,2017-04-04,2017-04-12,2017-04-18
0a5c3176d056,2017-03-14,2017-04-12,2017-04-13
717dc976c490,2017-04-01,2017-04-12,2017-04-18
ea4f2769321f,2017-03-22,2017-04-12,2017-04-18
46592d5c332a,2017-04-13,2017-04-13,2017-04-18
3251c690ca35,2017-04-14,2017-04-14,2017-04-15
344e5c6df300,2017-04-07,2017-04-12,2017-04-18
37a117d3ba56,2017-04-08,2017-04-12,2017-04-18
6e9ccd6840f4,2017-03-16,2017-04-12,2017-04-14
f2d87a086551,2017-04-07,2017-04-12,2017-04-18
bbfb24bffe00,2017-03-21,2017-04-12,2017-04-18
b9deed01c36f,2017-04-16,2017-04-16,2017-04-18
231b0da8da2a,2017-03-26,2017-04-12,2017-04-18
1d17c1cb8a53,2017-03-18,2017-04-12,2017-04-17
6904d2a8b90a,2017-04-11,2017-04-12,2017-04-18
2edd7c028fc0,2017-04-11,2017-04-12,2017-04-18
9b594f5e75d5,2017-03-19,2017-04-12,2017-04-18
9d1ed71f4018,2017-03-28,2017-04-12,2017-04-18
8cac6c67652a,2017-03-22,2017-04-12,2017-04-18
3fae1acccfad,2017-03-18,2017-04-12,2017-04-17
b1e317dabc34,2017-04-15,2017-04-15,2017-04-18
6a88447414ba,2017-03-20,2017-04-12,2017-04-18
0590ea62ed73,2017-03-29,2017-04-12,2017-04-18
6a04be824b1e,2017-03-21,2017-04-12,2017-04-18
1b7c33941627,2017-04-10,2017-04-12,2017-04-18
a86275e71ebe,2017-04-16,2017-04-16,2017-04-18
8285c62ccc4c,2017-04-17,2017-04-17,2017-04-18
e37d7b437908,2017-03-18,2017-04-12,2017-04-17
cc7e74d9656f,2017-03-29,2017-04-12,2017-04-18
0e84ec2654fa,2017-03-31,2017-04-12,2017-04-18
c3a6779627e0,2017-03-24,2017-04-12,2017-04-18
eb9b10225a86,2017-03-22,2017-04-12,2017-04-18
dbcb83a9d3d3,2017-03-31,2017-04-12,2017-04-18
7bdf5f29e745,2017-04-05,2017-04-12,2017-04-18
0d223ed14006,2017-04-09,2017-04-12,2017-04-18
5fb09f397210,2017-03-21,2017-04-12,2017-04-18
8052c58d2f99,2017-04-17,2017-04-17,2017-04-18
af4e8a860a04,2017-03-17,2017-04-12,2017-04-16
fd57ced258d1,2017-03-29,2017-04-12,2017-04-18
f56f23ded382,2017-03-14,2017-04-12,2017-04-13
eb3ec695c9c5,2017-03-20,2017-04-12,2017-04-18
d029880380e5,2017-04-15,2017-04-15,2017-04-18
d521b6fb4201,2017-04-07,2017-04-12,2017-04-18
5af1c38f1d6a,2017-04-06,2017-04-12,2017-04-18
561d3483ae8a,2017-04-13,2017-04-13,2017-04-18
efc30cc81daa,2017-03-24,2017-04-12,2017-04-18
8427ac30fa23,2017-04-13,2017-04-13,2017-04-18
2ae235e25c80,2017-04-06,2017-04-12,2017-04-18
48ac7b0c9cd1,2017-03-19,2017-04-12,2017-04-18
cc952ec0cd6c,2017-03-20,2017-04-12,2017-04-18
768850e8f851,2017-03-14,2017-04-12,2017-04-13
430c5334ba9b,2017-04-09,2017-04-12,2017-04-18
cb1d359031e4,2017-04-06,2017-04-12,2017-04-18
3865cbffac35,2017-04-01,2017-04-12,2017-04-18
50741aec7aec,2017-04-09,2017-04-12,2017-04-18
3cc4bd8eb867,2017-04-17,2017-04-17,2017-04-18
90c7df9fb1b5,2017-03-20,2017-04-12,2017-04-18
17b078b2e4a4,2017-04-17,2017-04-17,2017-04-18
72fb4182f1dd,2017-04-13,2017-04-13,2017-04-18
9fdf0435977f,2017-04-05,2017-04-12,2017-04-18
434f12390ca7,2017-04-18,2017-04-18,2017-04-18
7da4c1d6d8bc,2017-03-16,2017-04-12,2017-04-15
6572a4f65ec6,2017-03-24,2017-04-12,2017-04-18
224c39e72086,2017-03-14,2017-04-12,2017-04-13
3b26996900e1,2017-04-14,2017-04-14,2017-04-18
c1c096db7db2,2017-03-17,2017-04-12,2017-04-15
a51b336fb7a4,2017-03-21,2017-04-12,2017-04-18
5a6e15922546,2017-03-26,2017-04-12,2017-04-18
236bce9275c2,2017-04-18,2017-04-18,2017-04-18
86812c140186,2017-04-16,2017-04-16,2017-04-18
971b4a0ce967,2017-03-29,2017-04-12,2017-04-18
54f12b098957,2017-04-12,2017-04-12,2017-04-18
da05622d46ed,2017-03-23,2017-04-12,2017-04-18
c713c62701a3,2017-04-11,2017-04-12,2017-04-14
8ddaf7a4055e,2017-03-23,2017-04-12,2017-04-18
fa66d16cd5ab,2017-03-30,2017-04-12,2017-04-17
2414e1861845,2017-04-03,2017-04-12,2017-04-18
eeeccbeef0b4,2017-03-21,2017-04-12,2017-04-18
f622ea64051f,2017-03-24,2017-04-12,2017-04-18
c159d839c377,2017-03-15,2017-04-12,2017-04-14
e453e598c2e6,2017-04-18,2017-04-18,2017-04-18
1dfb01cb4443,2017-03-25,2017-04-12,2017-04-18
367f2964f8c1,2017-03-30,2017-04-12,2017-04-18
a00b485c0dc1,2017-04-12,2017-04-12,2017-04-18
5459d7b7ccd8,2017-04-12,2017-04-12,2017-04-18
d6533385187b,2017-03-13,2017-04-12,2017-04-12
08c41f8ffd87,2017-03-23,2017-04-12,2017-04-18
38abf19c41fd,2017-03-16,2017-04-12,2017-04-14
ce3d3ec2fdfe,2017-03-31,2017-04-12,2017-04-18
1f67759d9b9a,2017-03-28,2017-04-12,2017-04-18
a481a4bfcf1a,2017-03-31,2017-04-12,2017-04-18
b93b35e06bf5,2017-03-14,2017-04-12,2017-04-13
911fd454c676,2017-04-13,2017-04-13,2017-04-15
04e59df65fe5,2017-04-10,2017-04-12,2017-04-18
01682e06af36,2017-04-05,2017-04-12,2017-04-18
1dc6aa9c54f3,2017-03-30,2017-04-12,2017-04-18
3ed47cc25aea,2017-04-05,2017-04-12,2017-04-18
223d397d2e8e,2017-04-10,2017-04-12,2017-04-18
2210daca4fe3,2017-03-22,2017-04-12,2017-04-18
68e314cc6a7d,2017-03-24,2017-04-12,2017-04-18
a1809742e81a,2017-04-04,2017-04-12,2017-04-18
e56a68684f1d,2017-03-22,2017-04-12,2017-04-18
00bb5f329355,2017-03-26,2017-04-12,2017-04-18
9a128bc1af9b,2017-04-11,2017-04-12,2017-04-18
41e73dfffac6,2017-03-30,2017-04-12,2017-04-18
bacaaf16481f,2017-04-06,2017-04-12,2017-04-18
98f4ce297ec2,2017-03-26,2017-04-12,2017-04-18
1cc989055b20,2017-03-16,2017-04-12,2017-04-15
9a64e871d1f3,2017-04-15,2017-04-15,2017-04-18
318118fcd442,2017-04-13,2017-04-13,2017-04-18
364b031da473,2017-03-18,2017-04-12,2017-04-17
25c97043eccb,2017-04-06,2017-04-12,2017-04-18
1638386fde9d,2017-04-17,2017-04-17,2017-04-18
bf5696a91f64,2017-04-13,2017-04-13,2017-04-18
9926c0160f14,2017-03-31,2017-04-12,2017-04-18
f7dcfed0f5cb,2017-03-22,2017-04-12,2017-04-18
a035612ae8ba,2017-03-28,2017-04-12,2017-04-18
e2d660c2ffc9,2017-04-12,2017-04-12,2017-04-18
8241bfc0e38e,2017-03-17,2017-04-12,2017-04-16
3ace84cfab9e,2017-04-16,2017-04-16,2017-04-18
906b2d1fc48a,2017-03-19,2017-04-12,2017-04-18
e0237bef8ddb,2017-03-15,2017-04-12,2017-04-14
e59e8df59168,2017-04-06,2017-04-12,2017-04-18
fbb61d3c5793,2017-04-04,2017-04-12,2017-04-18
311aa213f2f0,2017-04-03,2017-04-12,2017-04-18
ac1b784154f3,2017-04-01,2017-04-12,2017-04-18
dbe8e9034d26,2017-03-17,2017-04-12,2017-04-16
17dd579a306d,2017-03-26,2017-04-12,2017-04-18
159aa52a128a,2017-03-28,2017-04-12,2017-04-18
57437b4f9b98,2017-03-31,2017-04-12,2017-04-18
6056a26836d8,2017-04-11,2017-04-12,2017-04-18
022c21e44c04,2017-04-07,2017-04-12,2017-04-18
71687d292c1d,2017-03-29,2017-04-12,2017-04-18
a590d5ecca8b,2017-03-23,2017-04-12,2017-04-18
88eb17a5b703,2017-04-18,2017-04-18,2017-04-18
c3d0abe5b365,2017-03-19,2017-04-12,2017-04-17
4348008b8fd6,2017-04-05,2017-04-12,2017-04-18
a8855f9ed09e,2017-03-31,2017-04-12,2017-04-18
e23b428b4231,2017-03-20,2017-04-12,2017-04-18
90099491ef14,2017-03-15,2017-04-12,2017-04-14
a006ea3e1e27,2017-03-15,2017-04-12,2017-04-14
b3fd027c91cc,2017-03-15,2017-04-12,2017-04-14
1e7c044a78f1,2017-03-15,2017-04-12,2017-04-13
bfeb9028e258,2017-03-25,2017-04-12,2017-04-18
2b05fe24284c,2017-04-02,2017-04-12,2017-04-18
8eb60c2e5b39,2017-03-14,2017-04-12,2017-04-13
93905f713e2d,2017-03-22,2017-04-12,2017-04-18
5e8c8b53e7a7,2017-03-21,2017-04-12,2017-04-18
2583b0aea7ea,2017-03-16,2017-04-12,2017-04-14
0d442cf3307d,2017-03-18,2017-04-12,2017-04-16
78f9c4b9066e,2017-04-02,2017-04-12,2017-04-18
b86d4b1cf39f,2017-04-07,2017-04-12,2017-04-15
554ecf61f767,2017-04-02,2017-04-12,2017-04-18
1508415677ed,2017-03-23,2017-04-12,2017-04-18
a17404358fa1,2017-04-02,2017-04-12,2017-04-14
297ae0d0c887,2017-03-29,2017-04-12,2017-04-18
b31ad2658c59,2017-03-31,2017-04-12,2017-04-18
c0d6acb94422,2017-04-10,2017-04-12,2017-04-18
bca5cffb3719,2017-04-01,2017-04-12,2017-04-18
9ea533f4db23,2017-03-30,2017-04-12,2017-04-18
b66b5ddabfe4,2017-03-30,2017-04-12,2017-04-18
2ebdc32d9a11,2017-04-08,2017-04-12,2017-04-18
58a8cf71116c,2017-03-23,2017-04-12,2017-04-18
ca5a5902b383,2017-04-04,2017-04-12,2017-04-16
6a4842b541b9,2017-04-07,2017-04-12,2017-04-18
375c045c5573,2017-03-19,2017-04-12,2017-04-17
6dc7449a882e,2017-04-15,2017-04-15,2017-04-18
a4c979fd6bea,2017-04-12,2017-04-12,2017-04-18
a89094119e15,2017-04-13,2017-04-13,2017-04-18
96d4686ffa85,2017-03-28,2017-04-12,2017-04-18
15983ba5804c,2017-04-14,2017-04-14,2017-04-14
c0c6fe5271c0,2017-04-02,2017-04-12,2017-04-18
180e9bfe25f2,2017-03-31,2017-04-12,2017-04-18
ab7d31b68d1d,2017-04-09,2017-04-12,2017-04-18
87c8e6951d57,2017-03-24,2017-04-12,2017-04-18
3c205b25aa6f,2017-03-20,2017-04-12,2017-04-18
684f1021c7c2,2017-04-12,2017-04-12,2017-04-13
9a2820ad76e9,2017-03-19,2017-04-12,2017-04-17
adf5ef81fea7,2017-04-14,2017-04-14,2017-04-18
8c1527264d79,2017-03-19,2017-04-12,2017-04-18
acd78ffbf3de,2017-04-13,2017-04-13,2017-04-18
2ddc2933a891,2017-03-28,2017-04-12,2017-04-18
9e053a855643,2017-04-10,2017-04-12,2017-04-18
b2d07e27fe83,2017-04-01,2017-04-12,2017-04-18
9d5b161649aa,2017-03-13,2017-04-12,2017-04-12
66dac9f43d83,2017-04-03,2017-04-12,2017-04-18
661a87664669,2017-04-06,2017-04-12,2017-04-18
12efa6fc4e23,2017-03-15,2017-04-12,2017-04-14
812afb2f538a,2017-04-07,2017-04-12,2017-04-18
7b7bbe95ddb9,2017-03-25,2017-04-12,2017-04-18
6f35d875f17b,2017-03-19,2017-04-12,2017-04-18
69bbfc295410,2017-04-06,2017-04-12,2017-04-18
543ce9bf11cb,2017-03-13,2017-04-12,2017-04-12
8e942fb8ef1f,2017-04-16,2017-04-16,2017-04-18
f441df0ccacf,2017-03-20,2017-04-12,2017-04-18
75d7e0007436,2017-03-16,2017-04-12,2017-04-15
79d8febd206c,2017-04-10,2017-04-12,2017-04-18
4ed03f6a68b6,2017-04-17,2017-04-17,2017-04-18
073fc2676ee9,2017-03-26,2017-04-12,2017-04-18
395b6692357c,2017-03-21,2017-04-12,2017-04-18
c11dcae83f6c,2017-04-10,2017-04-12,2017-04-18
287584f9b8d2,2017-04-02,2017-04-12,2017-04-18
6726379d5f43,2017-03-30,2017-04-12,2017-04-18
3fcb8b829cb8,2017-04-01,2017-04-12,2017-04-18
3c0f32fa07f7,2017-04-13,2017-04-13,2017-04-18
bfbbfe135a1b,2017-04-04,2017-04-12,2017-04-18
e3918f8fc54c,2017-04-04,2017-04-12,2017-04-18
fb515407639d,2017-04-11,2017-04-12,2017-04-18
4431b34a27a6,2017-03-27,2017-04-12,2017-04-18
a7567953001b,2017-04-07,2017-04-12,2017-04-18
08b7db814af3,2017-03-16,2017-04-12,2017-04-15
1bd6fdb44748,2017-04-10,2017-04-12,2017-04-18
5081b227b2e6,2017-03-29,2017-04-12,2017-04-18
71fdad3147e7,2017-03-14,2017-04-12,2017-04-13
1958c4e02b95,2017-03-15,2017-04-12,2017-04-13
097ccd665ebd,2017-04-09,2017-04-12,2017-04-18
4bc61d158b4f,2017-04-12,2017-04-12,2017-04-18
1db32f1d87e9,2017-04-01,2017-04-12,2017-04-18
fda99db8e711,2017-04-14,2017-04-14,2017-04-18
073237f5a151,2017-04-11,2017-04-12,2017-04-18
9529bc97370d,2017-04-18,2017-04-18,2017-04-18
ea76ec4e2b4b,2017-04-06,2017-04-12,2017-04-18
b4ececeee337,2017-04-09,2017-04-12,2017-04-18
b0a1f3b1c25f,2017-04-07,2017-04-12,2017-04-18
b89a0921d108,2017-04-15,2017-04-15,2017-04-18
2cbed944cb28,2017-03-30,2017-04-12,2017-04-18
13c02939cc8e,2017-03-23,2017-04-12,2017-04-18
4c8b9f950634,2017-03-24,2017-04-12,2017-04-18
02bb9a32c76c,2017-04-11,2017-04-12,2017-04-18
776406a83da9,2017-03-20,2017-04-12,2017-04-18
40a7cea8c96f,2017-04-06,2017-04-12,2017-04-18
088d70953d28,2017-04-11,2017-04-12,2017-04-18
f49625156360,2017-04-11,2017-04-12,2017-04-18
059808b9739a,2017-04-08,2017-04-12,2017-04-18
5b62834b9ee4,2017-04-13,2017-04-13,2017-04-18
997c024da145,2017-04-04,2017-04-12,2017-04-18
c3624fc3fb0c,2017-03-29,2017-04-12,2017-04-18
54f0053ec205,2017-04-02,2017-04-12,2017-04-18
0e8726264a74,2017-04-07,2017-04-12,2017-04-18
eba413c03cd7,2017-04-11,2017-04-12,2017-04-18
630565e9bf35,2017-03-15,2017-04-12,2017-04-14
c29e2bf1d578,2017-03-26,2017-04-12,2017-04-18
d99a12dcad85,2017-03-16,2017-04-12,2017-04-14
4863f4485581,2017-04-11,2017-04-12,2017-04-18
62a14f87f072,2017-04-11,2017-04-12,2017-04-15
ab48f52b412e,2017-04-11,2017-04-12,2017-04-18
1196e80e215a,2017-03-15,2017-04-12,2017-04-14
e45657969f03,2017-03-25,2017-04-12,2017-04-18
7a5404214ef0,2017-03-23,2017-04-12,2017-04-18
84d83ec9b7bc,2017-03-24,2017-04-12,2017-04-18
8a11b7729005,2017-04-10,2017-04-12,2017-04-18
870020175b12,2017-04-14,2017-04-14,2017-04-18
8379118a1854,2017-03-25,2017-04-12,2017-04-18
f42a83e9e668,2017-04-09,2017-04-12,2017-04-18
b5359e371625,2017-04-15,2017-04-15,2017-04-18
8fa47b051ebd,2017-04-17,2017-04-17,2017-04-18
46956dec688f,2017-04-16,2017-04-16,2017-04-18
5ddd92298792,2017-03-30,2017-04-12,2017-04-18
85486a6976dc,2017-04-07,2017-04-12,2017-04-18
a0dc8e9710e3,2017-03-26,2017-04-12,2017-04-18
2068bcba079b,2017-04-06,2017-04-12,2017-04-18
05f6f5337b58,2017-03-31,2017-04-12,2017-04-18
45b8b6d3007b,2017-03-20,2017-04-12,2017-04-18
61e6cc8451db,2017-03-20,2017-04-12,2017-04-18
2b9f4fc3cbb7,2017-04-08,2017-04-12,2017-04-18
bab151687a69,2017-03-28,2017-04-12,2017-04-18
951ef66653ab,2017-04-15,2017-04-15,2017-04-18
cb11cd8498e3,2017-04-03,2017-04-12,2017-04-18
846e71d9f4e9,2017-04-08,2017-04-12,2017-04-18
fb012cedffff,2017-03-31,2017-04-12,2017-04-18
f565add9d937,2017-03-17,2017-04-12,2017-04-16
45e443bd77cf,2017-03-22,2017-04-12,2017-04-18
9c2d67c74d2c,2017-03-15,2017-04-12,2017-04-14
388d768106e0,2017-04-14,2017-04-14,2017-04-18
baca53e27a5f,2017-04-13,2017-04-13,2017-04-18
53972b1344f7,2017-03-17,2017-04-12,2017-04-16
43a7e404804b,2017-03-27,2017-04-12,2017-04-18
c9d6a0b71b95,2017-04-17,2017-04-17,2017-04-18
f4479850d26a,2017-03-28,2017-04-12,2017-04-18
b4009b63eba4,2017-04-17,2017-04-17,2017-04-18
2c15fe14c95b,2017-04-09,2017-04-12,2017-04-18
82c2065edcd9,2017-03-31,2017-04-12,2017-04-18
07b24b455ee5,2017-03-22,2017-04-12,2017-04-18
e8ca9600700b,2017-04-03,2017-04-12,2017-04-18
3f2c407732fc,2017-04-14,2017-04-14,2017-04-18
d44cd9251dc2,2017-04-06,2017-04-12,2017-04-18
82360977f4f5,2017-03-27,2017-04-12,2017-04-18
6e368b3ea774,2017-03-30,2017-04-12,2017-04-18
29e76d653eb9,2017-04-15,2017-04-15,2017-04-18
f5f3d2b6e148,2017-04-16,2017-04-16,2017-04-18
9b64aa071691,2017-04-12,2017-04-12,2017-04-17
a23a78cd2f7c,2017-04-09,2017-04-12,2017-04-18
08e801ebba96,2017-04-14,2017-04-14,2017-04-15
49f580d9c1f2,2017-04-10,2017-04-12,2017-04-18
f7f762e0c897,2017-03-20,2017-04-12,2017-04-18
6a426688282f,2017-03-15,2017-04-12,2017-04-14
c1100ecc65ec,2017-04-18,2017-04-18,2017-04-18
1e3db67fdd72,2017-03-23,2017-04-12,2017-04-18
b64567cebea7,2017-03-16,2017-04-12,2017-04-15
ab17994ebdf8,2017-03-13,2017-04-12,2017-04-12
f933c7ba6b91,2017-03-16,2017-04-12,2017-04-15
312878c9c4ed,2017-03-31,2017-04-12,2017-04-18
d227bf3ac86a,2017-04-12,2017-04-12,2017-04-18
d6e5956d4c9b,2017-04-06,2017-04-12,2017-04-18
72283e4f9951,2017-03-30,2017-04-12,2017-04-18
64c891c311a1,2017-04-02,2017-04-12,2017-04-18
847161436246,2017-04-09,2017-04-12,2017-04-18
357e283dfae6,2017-04-09,2017-04-12,2017-04-18
156b6bb7e4f4,2017-04-09,2017-04-12,2017-04-18
d5a745ddd1dc,2017-04-02,2017-04-12,2017-04-18
cef33a38eb5a,2017-03-28,2017-04-12,2017-04-14
d3586ebba1dd,2017-04-12,2017-04-12,2017-04-18
59e8aec785c0,2017-04-15,2017-04-15,2017-04-18
32692017b49d,2017-04-12,2017-04-12,2017-04-15
0c4fe74cae1b,2017-04-15,2017-04-15,2017-04-18
9dba8773a42f,2017-04-06,2017-04-12,2017-04-18
f419cae388bb,2017-04-03,2017-04-12,2017-04-18
290ec84e44bc,2017-03-23,2017-04-12,2017-04-18
33851e5d020c,2017-04-13,2017-04-13,2017-04-18
4d2582f43447,2017-03-26,2017-04-12,2017-04-18
d6d975ab07df,2017-03-16,2017-04-12,2017-04-15
4c311ff08e50,2017-04-05,2017-04-12,2017-04-18
0660bcd7b88b,2017-04-06,2017-04-12,2017-04-18
ef6f4daeba56,2017-04-04,2017-04-12,2017-04-18
0ff79f15218d,2017-04-03,2017-04-12,2017-04-18
0888e0aa012d,2017-04-05,2017-04-12,2017-04-18
0807a61283d4,2017-04-03,2017-04-12,2017-04-18
f3ec28499dfd,2017-03-26,2017-04-12,2017-04-18
478f72c19e4e,2017-03-18,2017-04-12,2017-04-16
ac8bf66c38ac,2017-04-02,2017-04-12,2017-04-18
877348a0c241,2017-04-06,2017-04-12,2017-04-16
fafb69ddd48a,2017-04-04,2017-04-12,2017-04-18
9b104d5c63e8,2017-04-06,2017-04-12,2017-04-18
49a712d643e4,2017-03-14,2017-04-12,2017-04-13
4f37b3460fb6,2017-03-29,2017-04-12,2017-04-18
a6773b45ee0e,2017-03-22,2017-04-12,2017-04-18
7a7fb9099029,2017-04-13,2017-04-13,2017-04-14
46fdd0836683,2017-03-17,2017-04-12,2017-04-15
6562b864eb50,2017-04-03,2017-04-12,2017-04-18
24cbfd2f3fb2,2017-03-29,2017-04-12,2017-04-18
c20db668a814,2017-04-09,2017-04-12,2017-04-18
f103db2e03ec,2017-04-06,2017-04-12,2017-04-18
e638a940b457,2017-04-10,2017-04-12,2017-04-18
a992fdf6c4b8,2017-04-04,2017-04-12,2017-04-18
8c78c1ff44ec,2017-03-28,2017-04-12,2017-04-18
794402679cc4,2017-04-16,2017-04-16,2017-04-18
0693463ae5ac,2017-03-30,2017-04-12,2017-04-18
189fa0830ac9,2017-03-15,2017-04-12,2017-04-14
d45f7a894a4f,2017-04-07,2017-04-12,2017-04-14
ec6df2e4be1b,2017-04-10,2017-04-12,2017-04-18
ff73334ab130,2017-03-25,2017-04-12,2017-04-18
f81da44181e2,2017-03-22,2017-04-12,2017-04-18
d815384b2062,2017-03-15,2017-04-12,2017-04-13
8e909cc35b07,2017-04-11,2017-04-12,2017-04-18
ac8b7d9b6311,2017-04-08,2017-04-12,2017-04-18
88210840dbcd,2017-04-03,2017-04-12,2017-04-18
eb52da6e3c06,2017-04-11,2017-04-12,2017-04-18
ab4393f08c80,2017-03-14,2017-04-12,2017-04-13
9ccfcefb47fe,2017-04-05,2017-04-12,2017-04-18
efb781529c52,2017-03-14,2017-04-12,2017-04-13
f93a0534fde3,2017-04-01,2017-04-12,2017-04-14
4ccb861f14b8,2017-03-29,2017-04-12,2017-04-18
0921be994fd3,2017-04-06,2017-04-12,2017-04-18
78896615e454,2017-04-09,2017-04-12,2017-04-18
38159cfb698c,2017-04-08,2017-04-12,2017-04-18
00d93f367ad9,2017-03-30,2017-04-12,2017-04-18
a0d3514bf1f0,2017-03-18,2017-04-12,2017-04-17
55b0942cb989,2017-04-09,2017-04-12,2017-04-18
30cecc889e21,2017-04-12,2017-04-12,2017-04-16
081f6fbd2e50,2017-03-26,2017-04-12,2017-04-18
3fc5b6cd4c4b,2017-04-17,2017-04-17,2017-04-18
5697e395bbd8,2017-04-15,2017-04-15,2017-04-18
432484737f27,2017-04-01,2017-04-12,2017-04-18
9b09c05ced57,2017-04-10,2017-04-12,2017-04-18
edf765b9cfb6,2017-03-26,2017-04-12,2017-04-18
479128a98058,2017-03-30,2017-04-12,2017-04-18
786eaea7c42c,2017-04-03,2017-04-12,2017-04-18
c827cd406cb7,2017-04-15,2017-04-15,2017-04-18
ab82431ee565,2017-03-16,2017-04-12,2017-04-15
332c8d18c600,2017-04-13,2017-04-13,2017-04-18
bdaa0f734890,2017-03-24,2017-04-12,2017-04-18
95bd60152934,2017-03-13,2017-04-12,2017-04-12
94b1bd72c3fa,2017-03-25,2017-04-12,2017-04-17
5a55e2ea55b5,2017-03-15,2017-04-12,2017-04-14
eb5c3b58e305,2017-03-15,2017-04-12,2017-04-14
2798f1dd1bdb,2017-04-17,2017-04-17,2017-04-18
680763e740a9,2017-04-02,2017-04-12,2017-04-18
52f8993cab30,2017-04-14,2017-04-14,2017-04-18
6fbe955b0f3e,2017-03-24,2017-04-12,2017-04-18
fa19d725215d,2017-04-10,2017-04-12,2017-04-18
c7a6ab6256ca,2017-04-10,2017-04-12,2017-04-18
77aa51af123b,2017-04-18,2017-04-18,2017-04-18
7a5335731301,2017-04-10,2017-04-12,2017-04-18
98869e6fa495,2017-03-21,2017-04-12,2017-04-18
2cff4bca6efd,2017-04-17,2017-04-17,2017-04-18
95f544b90b95,2017-03-29,2017-04-12,2017-04-18
571d29e959b0,2017-04-01,2017-04-12,2017-04-18
2522e2de6aeb,2017-04-05,2017-04-12,2017-04-18
957bfc2ee0c3,2017-03-22,2017-04-12,2017-04-18
358cc1b0b261,2017-04-01,2017-04-12,2017-04-18
d385fc7189f3,2017-04-04,2017-04-12,2017-04-18
968b67a0e071,2017-04-05,2017-04-12,2017-04-18
ca57b00588e7,2017-03-28,2017-04-12,2017-04-18
ae526fec492c,2017-03-26,2017-04-12,2017-04-18
40c50546d665,2017-03-28,2017-04-12,2017-04-18
d6edf8a31f8e,2017-04-07,2017-04-12,2017-04-18
e340eebe191b,2017-04-18,2017-04-18,2017-04-18
ea4441a0da2a,2017-03-28,2017-04-12,2017-04-18
44e046f94e51,2017-03-29,2017-04-12,2017-04-18
feb3435f9a7b,2017-04-05,2017-04-12,2017-04-18
047852f85a0f,2017-03-21,2017-04-12,2017-04-18
2da34feac8c3,2017-04-06,2017-04-12,2017-04-18
840570d6fd81,2017-03-30,2017-04-12,2017-04-18
7d99d959103d,2017-04-09,2017-04-12,2017-04-18
cc4fe6a4ae1d,2017-04-07,2017-04-12,2017-04-18
4cb65edb5b6f,2017-04-06,2017-04-12,2017-04-18
968160949b80,2017-03-21,2017-04-12,2017-04-18
02261f81718b,2017-04-02,2017-04-12,2017-04-18
fc07de6bac43,2017-04-01,2017-04-12,2017-04-18
337312d1d3bc,2017-04-04,2017-04-12,2017-04-18
42469918eaf7,2017-04-13,2017-04-13,2017-04-18
28462ec850fe,2017-04-10,2017-04-12,2017-04-18
0b18132f6470,2017-04-09,2017-04-12,2017-04-18
7a45b515e74a,2017-04-17,2017-04-17,2017-04-18
4951d4b80e4f,2017-03-25,2017-04-12,2017-04-18
fac7751a46de,2017-03-20,2017-04-12,2017-04-18
e8f89d062c7d,2017-03-31,2017-04-12,2017-04-18
1ec3996c9654,2017-03-23,2017-04-12,2017-04-18
50108cc9f97a,2017-04-05,2017-04-12,2017-04-18
84365898a673,2017-03-15,2017-04-12,2017-04-14
cb32f4cf6ba0,2017-04-09,2017-04-12,2017-04-18
bb2044f5a3fe,2017-04-17,2017-04-17,2017-04-18
a4601a770463,2017-04-10,2017-04-12,2017-04-18
66d1266f965f,2017-04-12,2017-04-12,2017-04-18
9021f038f983,2017-03-22,2017-04-12,2017-04-18
2e8e1fdaaece,2017-03-31,2017-04-12,2017-04-18
30bfbb5fcba0,2017-04-14,2017-04-14,2017-04-17
426eb8de15c9,2017-04-10,2017-04-12,2017-04-18
2caba60370fc,2017-03-31,2017-04-12,2017-04-18
f374a441f6da,2017-04-11,2017-04-12,2017-04-18
a3edd7d4c901,2017-03-28,2017-04-12,2017-04-18
5b0e9c3cdfa6,2017-03-16,2017-04-12,2017-04-15
a3af7082309c,2017-04-06,2017-04-12,2017-04-18
2dd44311b882,2017-03-20,2017-04-12,2017-04-18
b612438f479c,2017-04-16,2017-04-16,2017-04-18
362a936aaee4,2017-04-07,2017-04-12,2017-04-18
986841124dc2,2017-04-01,2017-04-12,2017-04-18
c77c7ca51b02,2017-04-04,2017-04-12,2017-04-18
a83103e8bc50,2017-04-14,2017-04-14,2017-04-18
1dad60fe909a,2017-04-13,2017-04-13,2017-04-18
a18c4a526ea6,2017-03-20,2017-04-12,2017-04-18
6f76322464c9,2017-04-08,2017-04-12,2017-04-18
1176dec9ae28,2017-03-28,2017-04-12,2017-04-18
6ed20bf36177,2017-04-15,2017-04-16,2017-04-18
05986697d731,2017-04-13,2017-04-13,2017-04-18
f7e37f474ed3,2017-04-16,2017-04-16,2017-04-18
8604f89e74ec,2017-03-24,2017-04-12,2017-04-18
28888eef786d,2017-04-17,2017-04-17,2017-04-18
d39e599ba77e,2017-03-23,2017-04-12,2017-04-18
6e675962fa5c,2017-04-11,2017-04-12,2017-04-18
035f279fd970,2017-04-13,2017-04-13,2017-04-18
7e36568c2b3f,2017-03-30,2017-04-12,2017-04-18
2b373b9ce3bb,2017-03-27,2017-04-12,2017-04-18
68605bd445af,2017-03-24,2017-04-12,2017-04-18
19921f61394c,2017-03-22,2017-04-12,2017-04-18
63011aa3710c,2017-03-31,2017-04-12,2017-04-18
2edf3fb5f7de,2017-03-27,2017-04-12,2017-04-18
1862542cd41b,2017-04-10,2017-04-12,2017-04-18
c3a015dfa827,2017-03-30,2017-04-12,2017-04-18
03f091c4edb5,2017-04-18,2017-04-18,2017-04-18
421bfea238fd,2017-03-24,2017-04-12,2017-04-18
b02bcfa6efba,2017-04-14,2017-04-14,2017-04-18
d162b719eedb,2017-04-11,2017-04-12,2017-04-18
28a863161a7c,2017-04-07,2017-04-12,2017-04-18
8519613cfb93,2017-04-13,2017-04-13,2017-04-18
74e62f3b7306,2017-03-23,2017-04-12,2017-04-18
e376498c06fb,2017-03-23,2017-04-12,2017-04-18
bba867166d60,2017-03-20,2017-04-12,2017-04-18
046c933f7ae5,2017-03-31,2017-04-12,2017-04-18
3049a9093ec7,2017-03-17,2017-04-12,2017-04-16
5e2a0919c773,2017-04-03,2017-04-12,2017-04-18
37a90eeaef83,2017-04-11,2017-04-12,2017-04-18
f62e57c73365,2017-03-22,2017-04-12,2017-04-18
be5bc997eb08,2017-04-08,2017-04-12,2017-04-18
d813de49dd65,2017-04-07,2017-04-12,2017-04-15
2b86a04ddd72,2017-04-07,2017-04-12,2017-04-18
be83f099d9a8,2017-03-29,2017-04-12,2017-04-18
e444f0bce5c7,2017-04-18,2017-04-18,2017-04-18
17132f1ea810,2017-03-24,2017-04-12,2017-04-18
c54912f0598f,2017-04-09,2017-04-12,2017-04-18
c95278bcc83a,2017-03-18,2017-04-12,2017-04-17
7e8fb76fabc5,2017-04-18,2017-04-18,2017-04-18
faefb4d0c8fa,2017-03-14,2017-04-12,2017-04-12
86d5d8141808,2017-04-09,2017-04-12,2017-04-18
312bc5531004,2017-04-07,2017-04-12,2017-04-18
1e7f6a93e1ff,2017-04-02,2017-04-12,2017-04-18
a8de5f6375d1,2017-03-21,2017-04-12,2017-04-18
10aaf2c8d39d,2017-04-14,2017-04-14,2017-04-18
abb3111c71a4,2017-04-11,2017-04-12,2017-04-18
d64af39f883a,2017-04-11,2017-04-12,2017-04-18
3439e0ab8d97,2017-03-17,2017-04-12,2017-04-16
b790548019d3,2017-03-28,2017-04-12,2017-04-18
88b932d013b7,2017-03-29,2017-04-12,2017-04-18
7e7dd3830297,2017-04-03,2017-04-12,2017-04-18
c33dd6d54e5a,2017-04-14,2017-04-14,2017-04-18
58bf7e446aab,2017-03-18,2017-04-12,2017-04-16
75e65488f81c,2017-03-31,2017-04-12,2017-04-18
dd6cf2dfff67,2017-03-28,2017-04-12,2017-04-18
3e913d3575b4,2017-03-17,2017-04-12,2017-04-16
4bf9c58b3a58,2017-04-06,2017-04-12,2017-04-18
0701c054756b,2017-03-18,2017-04-12,2017-04-14
565e9a472ed1,2017-03-26,2017-04-12,2017-04-18
28f6a6eae5ae,2017-04-10,2017-04-12,2017-04-16
12014a6f4a79,2017-04-05,2017-04-12,2017-04-18
c2698893d253,2017-03-22,2017-04-12,2017-04-18
0f3f148b413b,2017-03-20,2017-04-12,2017-04-18
2c400e4da730,2017-04-16,2017-04-16,2017-04-18
5fa95a2ca4e3,2017-04-09,2017-04-12,2017-04-18
1d43ce746748,2017-04-13,2017-04-13,2017-04-18
b53fabe85917,2017-04-15,2017-04-15,2017-04-18
ac21982f7ad9,2017-04-11,2017-04-12,2017-04-18
d859daec4ac8,2017-04-13,2017-04-13,2017-04-18
9bdb664a2e0b,2017-04-11,2017-04-12,2017-04-18
f3cb681f213d,2017-04-06,2017-04-12,2017-04-18
649b4c5d3091,2017-04-13,2017-04-13,2017-04-18
06fa20db87a7,2017-03-20,2017-04-12,2017-04-18
c0df89456195,2017-04-04,2017-04-12,2017-04-18
d4e1c8204482,2017-04-06,2017-04-12,2017-04-18
5ba3743cf3ce,2017-04-03,2017-04-12,2017-04-18
c4765766f6c0,2017-04-14,2017-04-14,2017-04-18
d8638a90f398,2017-03-20,2017-04-12,2017-04-14
4fc304566608,2017-04-14,2017-04-14,2017-04-18
8fb91501c251,2017-04-10,2017-04-12,2017-04-18
09f9ad2ee156,2017-03-29,2017-04-12,2017-04-18
cfbae5925b1a,2017-04-06,2017-04-12,2017-04-18
e213c32a0727,2017-03-24,2017-04-12,2017-04-18
8515c186b99c,2017-03-17,2017-04-12,2017-04-16
a1acd29ce058,2017-03-23,2017-04-12,2017-04-18
03e930c5558f,2017-03-30,2017-04-12,2017-04-18
cb4dd33218ca,2017-04-16,2017-04-16,2017-04-18
0f8021f156d3,2017-04-06,2017-04-12,2017-04-14
3bf427bea401,2017-04-16,2017-04-16,2017-04-18
98180c936881,2017-03-27,2017-04-12,2017-04-18
c81bdd6913a5,2017-04-17,2017-04-17,2017-04-18
b560b6ba9e43,2017-04-06,2017-04-12,2017-04-18
276d144254f7,2017-03-23,2017-04-12,2017-04-18
274039c13fde,2017-03-22,2017-04-12,2017-04-18
384e2cdf0aa0,2017-03-31,2017-04-12,2017-04-18
760a256101df,2017-03-18,2017-04-12,2017-04-16
f194d258f421,2017-04-17,2017-04-17,2017-04-18
bfa25fbc91dc,2017-04-04,2017-04-12,2017-04-18
e85340be7c90,2017-04-06,2017-04-12,2017-04-18
901754211a7c,2017-03-20,2017-04-12,2017-04-18
43fb5bc9a64a,2017-04-10,2017-04-12,2017-04-18
46936f675b52,2017-03-24,2017-04-12,2017-04-18
99e944d26274,2017-03-25,2017-04-12,2017-04-18
4a53649aa08d,2017-04-07,2017-04-12,2017-04-18
0e53c2a4d937,2017-04-12,2017-04-12,2017-04-18
74fb774b1dc4,2017-03-16,2017-04-12,2017-04-15
f33bf3b93f70,2017-04-14,2017-04-14,2017-04-18
0f8525efddfb,2017-04-13,2017-04-13,2017-04-18
73c961dd15d3,2017-03-19,2017-04-12,2017-04-18
83de353476e5,2017-04-12,2017-04-12,2017-04-18
002c7fdc3efe,2017-04-02,2017-04-12,2017-04-18
9b6a1c18ce7b,2017-04-08,2017-04-12,2017-04-18
6f1c98c159b7,2017-03-22,2017-04-12,2017-04-18
bbc3e705905b,2017-04-17,2017-04-17,2017-04-18
900472123200,2017-03-29,2017-04-12,2017-04-18
896ed313ca21,2017-03-31,2017-04-12,2017-04-18
37fc811566aa,2017-04-17,2017-04-17,2017-04-18
6ff6fa82d8a1,2017-04-05,2017-04-12,2017-04-18
ce667786b300,2017-03-18,2017-04-12,2017-04-17
2135e8397985,2017-04-12,2017-04-12,2017-04-18
6a7dbffa0444,2017-04-05,2017-04-12,2017-04-18
0bdd4708765f,2017-04-05,2017-04-12,2017-04-18
262f2534b7a5,2017-04-18,2017-04-18,2017-04-18
4621c53090f6,2017-03-13,2017-04-12,2017-04-12
85af38aee51e,2017-04-07,2017-04-12,2017-04-18
1b444cc32e63,2017-04-05,2017-04-12,2017-04-18
618bda7391f9,2017-04-15,2017-04-15,2017-04-18
cdfd1d444b21,2017-04-09,2017-04-12,2017-04-18
45bd12632c79,2017-03-23,2017-04-12,2017-04-18
aebdb04e44f3,2017-03-23,2017-04-12,2017-04-18
0956627252a2,2017-03-30,2017-04-12,2017-04-18
364f7a752e7e,2017-03-18,2017-04-12,2017-04-16
88f423d28c16,2017-03-22,2017-04-12,2017-04-18
d4676839d2c6,2017-03-20,2017-04-12,2017-04-18
2613e7f2c62c,2017-04-11,2017-04-12,2017-04-18
b7c6ddc4d38b,2017-04-03,2017-04-12,2017-04-18
03347e0f8b4d,2017-04-12,2017-04-12,2017-04-18
d1d28f29bc14,2017-03-31,2017-04-12,2017-04-18
406cc803898e,2017-03-24,2017-04-12,2017-04-18
246544ee3927,2017-03-20,2017-04-12,2017-04-18
e9f7da23ab32,2017-03-15,2017-04-12,2017-04-14
1b4f8fb76e6d,2017-04-10,2017-04-12,2017-04-18
da920844735d,2017-04-09,2017-04-12,2017-04-15
10cfc2653439,2017-04-02,2017-04-12,2017-04-18
2563dbd9cd16,2017-03-26,2017-04-12,2017-04-18
b8164d517bd7,2017-04-08,2017-04-12,2017-04-18
4f944996232f,2017-03-21,2017-04-12,2017-04-18
b2cc03b01be3,2017-04-15,2017-04-15,2017-04-18
03a4b3d90b2e,2017-04-05,2017-04-12,2017-04-18
b5dfd48c1b6c,2017-03-17,2017-04-12,2017-04-16
326d00ab5141,2017-04-07,2017-04-12,2017-04-18
6ddf5e376768,2017-03-22,2017-04-12,2017-04-18
81a39d828a99,2017-04-12,2017-04-12,2017-04-18
03e3eeb3e225,2017-03-15,2017-04-12,2017-04-14
aeef7820b0d2,2017-03-29,2017-04-12,2017-04-18
46c7c182c886,2017-04-09,2017-04-12,2017-04-18
4c3889b8131e,2017-03-27,2017-04-12,2017-04-18
bdceaacd138f,2017-04-02,2017-04-12,2017-04-18
b9e936f04b45,2017-04-14,2017-04-14,2017-04-15
863cce1acac4,2017-04-14,2017-04-14,2017-04-18
64316927c0f4,2017-03-27,2017-04-12,2017-04-18
20e382f345d7,2017-04-17,2017-04-17,2017-04-18
eac83fceb17f,2017-04-09,2017-04-12,2017-04-14
5e31e59ab258,2017-04-01,2017-04-12,2017-04-18
14fecf411dec,2017-03-23,2017-04-12,2017-04-18
e398c3fcabbd,2017-04-09,2017-04-12,2017-04-18
f556e232ab59,2017-04-06,2017-04-12,2017-04-18
8b9d37008808,2017-03-16,2017-04-12,2017-04-15
155f49854881,2017-03-31,2017-04-12,2017-04-18
cb2c52783b67,2017-03-15,2017-04-12,2017-04-12
da84dc2150c2,2017-03-28,2017-04-12,2017-04-18
ecfd75b6d0e2,2017-04-05,2017-04-12,2017-04-18
1043a4408462,2017-03-16,2017-04-12,2017-04-15
8ab450a38a93,2017-04-07,2017-04-12,2017-04-18
87b366f43857,2017-04-01,2017-04-12,2017-04-18
6b4917cafdb7,2017-04-13,2017-04-13,2017-04-18
466e21cf7d6f,2017-03-21,2017-04-12,2017-04-18
f2553361a549,2017-04-03,2017-04-12,2017-04-18
b902a5f4bd89,2017-03-30,2017-04-12,2017-04-18
a2ee937da702,2017-04-10,2017-04-12,2017-04-18
658feae42d36,2017-03-27,2017-04-12,2017-04-18
4b683d770725,2017-04-01,2017-04-12,2017-04-18
336fe2e7387f,2017-04-02,2017-04-12,2017-04-18
844f6ae4233e,2017-03-14,2017-04-12,2017-04-13
14544b75bfc7,2017-03-13,2017-04-12,2017-04-12
d85eac0bc041,2017-04-11,2017-04-12,2017-04-18
74bcf5823a7c,2017-04-16,2017-04-16,2017-04-18
ae62b58d51d9,2017-04-09,2017-04-12,2017-04-18
302829f7e5e3,2017-04-17,2017-04-17,2017-04-18
4498b3c2afad,2017-03-28,2017-04-12,2017-04-18
36e1af2487f7,2017-04-05,2017-04-12,2017-04-18
9d58266fce0f,2017-04-09,2017-04-12,2017-04-18
0ad7b5e7dbbe,2017-03-25,2017-04-12,2017-04-18
9defb252cf24,2017-04-11,2017-04-12,2017-04-18
81b61533a40e,2017-04-01,2017-04-12,2017-04-18
5265af6f0b2b,2017-04-07,2017-04-12,2017-04-18
68e3ab0bde36,2017-04-08,2017-04-12,2017-04-18
69721cc2a503,2017-03-31,2017-04-12,2017-04-18
3504bcef7540,2017-04-18,2017-04-18,2017-04-18
fa3eceffbb40,2017-04-09,2017-04-12,2017-04-18
b86cb63e4d5f,2017-04-05,2017-04-12,2017-04-18
76d9acbe86ee,2017-04-13,2017-04-13,2017-04-18
1fbd67dbb087,2017-03-23,2017-04-12,2017-04-18
758676ffe04e,2017-04-07,2017-04-12,2017-04-18
8d650b1ea88f,2017-04-01,2017-04-12,2017-04-18
6920d57e5d6b,2017-04-09,2017-04-12,2017-04-18
aee26cdfc6da,2017-03-17,2017-04-12,2017-04-15
ff08c493a47b,2017-03-28,2017-04-12,2017-04-18
621e17742bf5,2017-03-27,2017-04-12,2017-04-18
e81ca83edc10,2017-03-26,2017-04-12,2017-04-18
c704ba5cb8ae,2017-03-29,2017-04-12,2017-04-18
f28e7d73deda,2017-04-03,2017-04-12,2017-04-18
e4403f339715,2017-04-06,2017-04-12,2017-04-18
84aaa3f0895f,2017-04-08,2017-04-12,2017-04-18
1946f0e37fc1,2017-03-19,2017-04-12,2017-04-17
c74b97014330,2017-04-11,2017-04-12,2017-04-15
ea295fc09c0f,2017-04-12,2017-04-12,2017-04-18
a03329a54d3c,2017-03-25,2017-04-12,2017-04-18
85c83fcb916e,2017-04-10,2017-04-12,2017-04-18
d6a38bc48757,2017-03-13,2017-04-12,2017-04-12
6d87d6b0063a,2017-04-11,2017-04-12,2017-04-18
eac8a3ad63b2,2017-04-13,2017-04-13,2017-04-18
0001baec8da6,2017-03-18,2017-04-12,2017-04-16
4dcac4b4c303,2017-03-19,2017-04-12,2017-04-18
5b82a98b9e02,2017-03-16,2017-04-12,2017-04-15
c50665935392,2017-03-11,2017-04-12,2017-04-18
fc96242b47c6,2017-03-24,2017-04-12,2017-04-18
ed35ca5b44ce,2017-04-05,2017-04-12,2017-04-17
d96f166665f8,2017-03-19,2017-04-12,2017-04-18
2465966e9197,2017-04-17,2017-04-17,2017-04-18
ac396dcd9c48,2017-03-20,2017-04-12,2017-04-18
67d18e9f166f,2017-04-17,2017-04-17,2017-04-18
3fa8ad67fcf8,2017-03-25,2017-04-12,2017-04-18
51665e48c691,2017-04-10,2017-04-12,2017-04-18
9521b2259691,2017-03-16,2017-04-12,2017-04-15
0422cdb13000,2017-04-09,2017-04-12,2017-04-18
93f590421109,2017-04-07,2017-04-12,2017-04-18
43c54284cc92,2017-04-04,2017-04-12,2017-04-18
f775e138f3d8,2017-04-02,2017-04-12,2017-04-13
de5bbffd868e,2017-03-27,2017-04-12,2017-04-18
174602691fc0,2017-03-14,2017-04-12,2017-04-12
3a2d3b53535d,2017-04-14,2017-04-14,2017-04-18
59eed132c29e,2017-04-16,2017-04-16,2017-04-18
eb73e1122f9e,2017-03-22,2017-04-12,2017-04-18
657d3ccec75f,2017-04-05,2017-04-12,2017-04-18
c6436cc532cd,2017-03-31,2017-04-12,2017-04-18
bf97eb2a4f40,2017-04-14,2017-04-15,2017-04-18
7bb0b5139dbc,2017-04-03,2017-04-12,2017-04-18
102a2fa35dd1,2017-04-08,2017-04-12,2017-04-18
89d3888a6c26,2017-04-17,2017-04-17,2017-04-18
dbdcd65e677e,2017-03-31,2017-04-12,2017-04-18
febbd7c737b4,2017-04-05,2017-04-12,2017-04-18
e6895cea665d,2017-03-24,2017-04-12,2017-04-18
3672052dd9d3,2017-04-17,2017-04-17,2017-04-18
03ee62716d94,2017-04-17,2017-04-17,2017-04-18
117de92f238e,2017-04-17,2017-04-17,2017-04-18
1fea3102b52d,2017-03-22,2017-04-12,2017-04-18
bc294d39bb8b,2017-03-22,2017-04-12,2017-04-18
e04266b723ef,2017-04-05,2017-04-12,2017-04-18
c357c5963ae4,2017-03-21,2017-04-12,2017-04-18
8f3e5e81e8c0,2017-04-17,2017-04-17,2017-04-18
771627acaec8,2017-04-12,2017-04-12,2017-04-18
e0d0cb9b76be,2017-04-10,2017-04-12,2017-04-15
926e0c01bf03,2017-04-09,2017-04-12,2017-04-18
5b0da1632627,2017-03-22,2017-04-12,2017-04-18
9a0d43d008f5,2017-03-24,2017-04-12,2017-04-18
19d3623c77d7,2017-03-28,2017-04-12,2017-04-18
6bbd514b3b71,2017-04-01,2017-04-12,2017-04-18
6fa0606bb89d,2017-03-17,2017-04-12,2017-04-16
2d1fe2d02023,2017-03-22,2017-04-12,2017-04-18
e44cf32a73f4,2017-03-26,2017-04-12,2017-04-18
8c475f26a6f2,2017-04-15,2017-04-16,2017-04-18
5cca65872a62,2017-03-29,2017-04-12,2017-04-18
11ce544ec891,2017-03-25,2017-04-12,2017-04-18
0cb40720308c,2017-04-11,2017-04-12,2017-04-18
d6fa5d312f0c,2017-04-11,2017-04-12,2017-04-18
c45e12be3110,2017-03-16,2017-04-12,2017-04-14
097f74272aab,2017-04-03,2017-04-12,2017-04-18
209eaa6229ce,2017-03-27,2017-04-12,2017-04-18
64e56fbd1fde,2017-04-06,2017-04-12,2017-04-18
eeb5ac84dc04,2017-03-15,2017-04-12,2017-04-13
deb833f62c77,2017-04-15,2017-04-15,2017-04-18
4ece602075a5,2017-03-17,2017-04-12,2017-04-16
03315040997d,2017-03-31,2017-04-12,2017-04-18
a3d8e1638e23,2017-03-23,2017-04-12,2017-04-18
ef4497b23d0e,2017-04-07,2017-04-12,2017-04-18
d09b477a4c26,2017-04-10,2017-04-12,2017-04-18
5ebe900bbd14,2017-04-17,2017-04-17,2017-04-18
0a0dd2acea74,2017-04-14,2017-04-14,2017-04-18
433b63af579b,2017-03-15,2017-04-12,2017-04-14
8da25035372c,2017-03-30,2017-04-12,2017-04-18
8678750f8851,2017-03-20,2017-04-12,2017-04-18
bec2d34359b6,2017-04-07,2017-04-12,2017-04-18
edaf3acdf944,2017-03-21,2017-04-12,2017-04-18
eb05ff56635f,2017-04-11,2017-04-12,2017-04-18
e49d6a0a8b19,2017-04-04,2017-04-12,2017-04-18
199e1457ee92,2017-04-07,2017-04-12,2017-04-18
da1d15bc0adb,2017-04-11,2017-04-12,2017-04-18
ec87819e3e33,2017-03-19,2017-04-12,2017-04-17
f5a2522bc8b7,2017-04-13,2017-04-13,2017-04-18
d2a165f68adf,2017-04-17,2017-04-17,2017-04-18
8a79dfbd1d60,2017-04-05,2017-04-12,2017-04-18
b7481300a38d,2017-03-30,2017-04-12,2017-04-18
9c03b9451580,2017-03-21,2017-04-12,2017-04-18
a640d8e62164,2017-03-29,2017-04-12,2017-04-18
701c09575435,2017-04-09,2017-04-12,2017-04-18
93bdf46d87ad,2017-03-24,2017-04-12,2017-04-17
82ac5eb5ae13,2017-03-31,2017-04-12,2017-04-18
223379a4e18d,2017-04-05,2017-04-12,2017-04-13
f1f5aaaecf5b,2017-03-21,2017-04-12,2017-04-18
4ff05b34d200,2017-03-28,2017-04-12,2017-04-18
8a3bf9381163,2017-03-14,2017-04-12,2017-04-13
dc597856ed73,2017-03-23,2017-04-12,2017-04-18
301720a97052,2017-04-09,2017-04-12,2017-04-18
98db89491ef1,2017-04-15,2017-04-15,2017-04-18
9aad80a92ad5,2017-03-28,2017-04-12,2017-04-18
2b733483fefd,2017-03-22,2017-04-12,2017-04-18
c6bbdf70d520,2017-04-10,2017-04-12,2017-04-18
27a674ae698f,2017-04-04,2017-04-12,2017-04-18
e8f3d9288f1a,2017-03-28,2017-04-12,2017-04-18
d9d44990e9a7,2017-03-24,2017-04-12,2017-04-18
3f70a8dd4d4a,2017-04-08,2017-04-12,2017-04-18
d76493700e55,2017-04-03,2017-04-12,2017-04-18
85be8633afe3,2017-04-13,2017-04-13,2017-04-18
da130e1a217a,2017-04-16,2017-04-16,2017-04-18
8d91bbdb48dd,2017-04-12,2017-04-12,2017-04-18
d9dc7d485afa,2017-03-30,2017-04-12,2017-04-18
be01d7b66fe5,2017-03-14,2017-04-12,2017-04-13
ab1a81c92207,2017-04-06,2017-04-12,2017-04-17
e18f2d60a906,2017-04-01,2017-04-12,2017-04-18
21a8263e7456,2017-04-15,2017-04-15,2017-04-18
37759c97b55d,2017-04-09,2017-04-12,2017-04-18
ddc2bb8a009c,2017-04-10,2017-04-12,2017-04-18
e19b32fd0211,2017-04-10,2017-04-12,2017-04-18
5127690ab012,2017-04-12,2017-04-12,2017-04-18
2cef5e2f5330,2017-03-31,2017-04-12,2017-04-18
cfebbb2e313a,2017-03-29,2017-04-12,2017-04-18
642cfe616d6d,2017-03-13,2017-04-12,2017-04-12
245bda968ee7,2017-03-13,2017-04-12,2017-04-12
22adc86dafda,2017-03-16,2017-04-12,2017-04-14
183aee14ec53,2017-03-18,2017-04-12,2017-04-17
aa123345eed4,2017-04-02,2017-04-12,2017-04-18
cfa0c5fa9f91,2017-03-21,2017-04-12,2017-04-18
9c0bef408c4a,2017-04-15,2017-04-15,2017-04-18
909f0d0b5ac2,2017-03-19,2017-04-12,2017-04-17
5b7b54ad3479,2017-03-20,2017-04-12,2017-04-18
1e1db0cd2233,2017-04-16,2017-04-16,2017-04-18
c0fef4496211,2017-04-02,2017-04-12,2017-04-18
dcf51a8c29f6,2017-04-15,2017-04-15,2017-04-15
3e9dabbbe007,2017-03-23,2017-04-12,2017-04-18
633fb9cca1e5,2017-03-18,2017-04-12,2017-04-17
dba3429422b7,2017-04-17,2017-04-17,2017-04-18
8bb4f8e02c3a,2017-03-22,2017-04-12,2017-04-18
c4d5c8fad129,2017-04-03,2017-04-12,2017-04-18
475d982fae4c,2017-03-24,2017-04-12,2017-04-18
b767016667e3,2017-04-11,2017-04-12,2017-04-18
46b2a3fd7908,2017-04-13,2017-04-13,2017-04-18
c4102c171a7a,2017-04-12,2017-04-12,2017-04-18
89dc7b609faf,2017-04-08,2017-04-12,2017-04-18
9859abfe45f9,2017-04-07,2017-04-12,2017-04-17
df31ca668505,2017-03-29,2017-04-12,2017-04-18
3dd44d319f83,2017-04-02,2017-04-12,2017-04-18
c0271a76e3b5,2017-03-23,2017-04-12,2017-04-18
29ca0b977080,2017-04-18,2017-04-18,2017-04-18
3682c2aeee5f,2017-04-11,2017-04-12,2017-04-14
0c78ec3d684e,2017-04-11,2017-04-12,2017-04-18
f56667ae6180,2017-04-13,2017-04-13,2017-04-18
b9b42fe24dab,2017-04-04,2017-04-12,2017-04-18
04667c3c953f,2017-04-10,2017-04-12,2017-04-18
4fe950c1633f,2017-04-10,2017-04-12,2017-04-18
7abef6800326,2017-03-28,2017-04-12,2017-04-18
892ca881db9a,2017-04-18,2017-04-18,2017-04-18
e06ba6e39a17,2017-04-12,2017-04-12,2017-04-18
50838c046b95,2017-04-10,2017-04-12,2017-04-18
f831845af2a8,2017-03-15,2017-04-12,2017-04-14
a8b2a766c4ef,2017-04-02,2017-04-12,2017-04-18
687cbc0e1196,2017-04-17,2017-04-17,2017-04-18
29525ce6e927,2017-03-17,2017-04-12,2017-04-15
e355657152f0,2017-04-12,2017-04-12,2017-04-18
54a721c9ec95,2017-03-22,2017-04-12,2017-04-18
3cac20e9b388,2017-04-04,2017-04-12,2017-04-18
29c9b9e7fcd1,2017-04-11,2017-04-12,2017-04-18
0413e4986257,2017-03-29,2017-04-12,2017-04-18
2ea703945a07,2017-04-15,2017-04-15,2017-04-18
117867ae6782,2017-03-25,2017-04-12,2017-04-18
5754aab36906,2017-03-30,2017-04-12,2017-04-18
6e1d023521d3,2017-03-30,2017-04-12,2017-04-18
8c28ffdbb1ad,2017-03-17,2017-04-12,2017-04-16
68ab62385088,2017-04-15,2017-04-15,2017-04-18
24ed9179db5e,2017-03-22,2017-04-12,2017-04-18
8df7fe4a3e95,2017-04-05,2017-04-12,2017-04-18
19b63977e104,2017-03-14,2017-04-12,2017-04-13
e340afadbb59,2017-04-03,2017-04-12,2017-04-18
7299e81c8dba,2017-04-04,2017-04-12,2017-04-18
cbe9fae62020,2017-03-13,2017-04-12,2017-04-12
4033e93d40dd,2017-03-20,2017-04-12,2017-04-18
e75952351ffc,2017-03-14,2017-04-12,2017-04-13
303e43e6c481,2017-04-02,2017-04-12,2017-04-18
84a627c1d768,2017-03-25,2017-04-12,2017-04-18
4103e7ffc0f1,2017-04-12,2017-04-12,2017-04-18
bbcebee872b4,2017-04-10,2017-04-12,2017-04-18
dcfff46fe4d8,2017-04-18,2017-04-18,2017-04-18
767258832203,2017-03-14,2017-04-12,2017-04-13
cc9a3345a391,2017-03-23,2017-04-12,2017-04-18
ba4a496976eb,2017-04-02,2017-04-12,2017-04-18
df183961c125,2017-04-15,2017-04-15,2017-04-18
e6b8e2c97119,2017-04-11,2017-04-12,2017-04-18
d8d459123ffd,2017-03-30,2017-04-12,2017-04-18
fff089d7d1c5,2017-04-01,2017-04-12,2017-04-18
dfc434e04f05,2017-04-11,2017-04-12,2017-04-18
0a0dcafb94e4,2017-04-08,2017-04-12,2017-04-18
2923114239bc,2017-04-06,2017-04-12,2017-04-18
a40aebc17ace,2017-03-26,2017-04-12,2017-04-18
6f05c59206d7,2017-04-10,2017-04-12,2017-04-18
7b811026c463,2017-03-22,2017-04-12,2017-04-18
3869b392e51e,2017-04-10,2017-04-12,2017-04-18
828a14395f88,2017-03-19,2017-04-12,2017-04-18
c56d3f74b309,2017-03-27,2017-04-12,2017-04-18
7a331e71f94c,2017-03-24,2017-04-12,2017-04-18
17de20f0bbe1,2017-04-05,2017-04-12,2017-04-18
682d2e2a2b3c,2017-04-03,2017-04-12,2017-04-18
dc85d5be8734,2017-03-16,2017-04-12,2017-04-14
9cf81dfaead9,2017-03-27,2017-04-12,2017-04-18
cb6905bab600,2017-03-20,2017-04-12,2017-04-18
28812c20a1f9,2017-04-11,2017-04-12,2017-04-18
5bba74558efa,2017-04-11,2017-04-12,2017-04-18
d638b32e1456,2017-04-08,2017-04-12,2017-04-18
2e00184e7145,2017-04-10,2017-04-12,2017-04-18
c75a9448ed53,2017-04-06,2017-04-12,2017-04-18
630ac70bd095,2017-04-15,2017-04-15,2017-04-18
ae5c6f1d64c2,2017-03-29,2017-04-12,2017-04-18
854317578785,2017-03-30,2017-04-12,2017-04-18
39a55a447725,2017-03-31,2017-04-12,2017-04-18
9df39848c2bd,2017-03-23,2017-04-12,2017-04-18
8615bcfb9e83,2017-03-30,2017-04-12,2017-04-18
03c58c3997e7,2017-04-08,2017-04-12,2017-04-18
150143144580,2017-03-29,2017-04-12,2017-04-18
d7d42aa4fb16,2017-03-22,2017-04-12,2017-04-18
ec7daee0ff27,2017-03-22,2017-04-12,2017-04-18
c0f261822807,2017-03-31,2017-04-12,2017-04-18
7030709783db,2017-04-06,2017-04-12,2017-04-18
ab741832bd64,2017-04-02,2017-04-12,2017-04-18
dd75c35e2d3a,2017-04-03,2017-04-12,2017-04-18
2c0a81580bcc,2017-03-18,2017-04-12,2017-04-17
3e48f23b3b39,2017-03-21,2017-04-12,2017-04-18
00dba5dd1d12,2017-03-20,2017-04-12,2017-04-18
23b91d78c6d0,2017-03-31,2017-04-12,2017-04-18
d2d0895db753,2017-02-13,2017-04-12,2017-04-14
96c12b9ab7a0,2017-03-29,2017-04-12,2017-04-18
70e6d92ed9ad,2017-03-30,2017-04-12,2017-04-18
39a5a568e3b3,2017-04-02,2017-04-12,2017-04-18
cddd556b63a0,2017-03-27,2017-04-12,2017-04-18
f9cf144d3d5d,2017-04-07,2017-04-12,2017-04-18
a4766e220987,2017-04-12,2017-04-12,2017-04-18
21fb5c2bbbdb,2017-04-03,2017-04-12,2017-04-18
91ae8e18240f,2017-03-30,2017-04-12,2017-04-18
3b526c0c7eea,2017-04-08,2017-04-12,2017-04-18
10bde952f6fa,2017-03-24,2017-04-12,2017-04-18
1404d44d62c6,2017-03-30,2017-04-12,2017-04-18
44a9cbcc1c3f,2017-04-14,2017-04-14,2017-04-18
c33e6669b483,2017-03-21,2017-04-12,2017-04-18
0d1796d5ce56,2017-04-06,2017-04-12,2017-04-18
05ed97155066,2017-04-09,2017-04-12,2017-04-18
bca148d96e62,2017-03-24,2017-04-12,2017-04-18
fb1fd8f1ddec,2017-03-29,2017-04-12,2017-04-18
42bc9c5280c9,2017-03-28,2017-04-12,2017-04-18
010abea45035,2017-03-25,2017-04-12,2017-04-18
f2209221d649,2017-03-30,2017-04-12,2017-04-18
857aaf7d2f6c,2017-04-03,2017-04-12,2017-04-18
0a5513524b2e,2017-04-05,2017-04-12,2017-04-18
3f1cefdbde22,2017-04-04,2017-04-12,2017-04-18
e6a3f5ea5f53,2017-04-07,2017-04-12,2017-04-18
981deb08df79,2017-04-06,2017-04-12,2017-04-18
4b13b16910e3,2017-03-25,2017-04-12,2017-04-18
8fbf82b53ea7,2017-04-06,2017-04-12,2017-04-18
607ebe583182,2017-04-09,2017-04-12,2017-04-18
62535b24b822,2017-04-17,2017-04-17,2017-04-18
660ad32dc0a7,2017-04-11,2017-04-12,2017-04-18
72b82d6a61ab,2017-04-08,2017-04-12,2017-04-18
c289f864992f,2017-04-06,2017-04-12,2017-04-18
4eb160a2efb5,2017-03-19,2017-04-12,2017-04-18
2aa48e8719e0,2017-04-14,2017-04-14,2017-04-18
e123badf6e05,2017-03-17,2017-04-12,2017-04-16
6309fc52446a,2017-04-05,2017-04-12,2017-04-18
9815a3e0dc8d,2017-03-21,2017-04-12,2017-04-18
566c425dcfa5,2017-04-04,2017-04-12,2017-04-18
e2a7210ab249,2017-04-07,2017-04-12,2017-04-18
80b8f57c9673,2017-04-09,2017-04-12,2017-04-18
e16e1a6e455d,2017-04-01,2017-04-12,2017-04-18
e2a1690fc845,2017-04-04,2017-04-12,2017-04-18
ea1ef027c4a0,2017-04-10,2017-04-12,2017-04-18
5383c5c24295,2017-04-09,2017-04-12,2017-04-18
b95dd5e4df07,2017-03-24,2017-04-12,2017-04-18
235c6a234c4a,2017-03-22,2017-04-12,2017-04-18
59a46e41fb3a,2017-04-05,2017-04-12,2017-04-18
76eec9f26388,2017-04-10,2017-04-12,2017-04-18
c3589b32ffa0,2017-04-04,2017-04-12,2017-04-18
de2f1980e973,2017-03-25,2017-04-12,2017-04-18
b6c6d8c09afc,2017-03-22,2017-04-12,2017-04-18
cb64f819ed0c,2017-03-26,2017-04-12,2017-04-18
8989756035aa,2017-03-21,2017-04-12,2017-04-18
3e07ffffa083,2017-03-14,2017-04-12,2017-04-12
9a1192c52a8e,2017-04-09,2017-04-12,2017-04-18
21247330e9de,2017-04-16,2017-04-16,2017-04-18
8bb7625ef4ba,2017-04-07,2017-04-12,2017-04-18
75bc4f737b8b,2017-04-17,2017-04-17,2017-04-18
8a36425d47dd,2017-03-26,2017-04-12,2017-04-18
72997f0c6ccd,2017-03-30,2017-04-12,2017-04-14
8ac60cf91af1,2017-04-06,2017-04-12,2017-04-18
69ab577af407,2017-04-09,2017-04-12,2017-04-18
e0ce5206a519,2017-04-12,2017-04-12,2017-04-18
5bbba0cf5f46,2017-04-11,2017-04-12,2017-04-15
0b68e74ed058,2017-03-27,2017-04-12,2017-04-18
5d59a1bbfae0,2017-04-03,2017-04-12,2017-04-18
0b7dd7f208fa,2017-04-01,2017-04-12,2017-04-18
dbf4a21123a8,2017-04-08,2017-04-12,2017-04-18
afebacd743b0,2017-03-31,2017-04-12,2017-04-18
6f0a524df314,2017-04-03,2017-04-12,2017-04-18
103c58e00026,2017-04-12,2017-04-12,2017-04-18
edf511f7a0c4,2017-03-21,2017-04-12,2017-04-18
19d4105c3ab5,2017-04-18,2017-04-18,2017-04-18
a9fc8df4389c,2017-04-17,2017-04-17,2017-04-18
e80eeabc3c63,2017-04-10,2017-04-12,2017-04-18
2bfd14cdcf95,2017-04-03,2017-04-12,2017-04-18
9a25d6018e96,2017-03-31,2017-04-12,2017-04-18
142ed7702285,2017-04-13,2017-04-13,2017-04-18
eda723aea645,2017-04-03,2017-04-12,2017-04-18
a866b59c2592,2017-03-26,2017-04-12,2017-04-18
95d808e9bc23,2017-04-03,2017-04-12,2017-04-18
cce62b4e4c63,2017-04-06,2017-04-12,2017-04-18
6225564b255a,2017-03-27,2017-04-12,2017-04-18
6ab8e6c83be5,2017-04-03,2017-04-12,2017-04-18
46aaf58f0b55,2017-03-24,2017-04-12,2017-04-18
516ef670e8f5,2017-04-07,2017-04-12,2017-04-18
cdbeabad45e9,2017-03-14,2017-04-12,2017-04-13
fe944d009f00,2017-04-01,2017-04-12,2017-04-18
676366b38ecc,2017-03-23,2017-04-12,2017-04-18
0a11a90fa2ca,2017-03-16,2017-04-12,2017-04-15
ce06139d12bd,2017-03-25,2017-04-12,2017-04-18
838433203f81,2017-04-12,2017-04-12,2017-04-18
4c02b38ad685,2017-04-07,2017-04-12,2017-04-18
fdde1f6a6582,2017-04-10,2017-04-12,2017-04-18
732e63cfc7fe,2017-03-29,2017-04-12,2017-04-18
406b27f5a487,2017-04-05,2017-04-12,2017-04-18
705de1e1c079,2017-04-01,2017-04-12,2017-04-18
ea60dfde7663,2017-04-04,2017-04-12,2017-04-18
9056868b9c62,2017-04-08,2017-04-12,2017-04-18
d183913455d4,2017-03-20,2017-04-12,2017-04-18
b5a5ca0b3a6e,2017-04-01,2017-04-12,2017-04-18
b29c7a4a98f9,2017-04-09,2017-04-12,2017-04-15
44384d33cd09,2017-03-21,2017-04-12,2017-04-18
0deee995f427,2017-04-01,2017-04-12,2017-04-18
04619e1e3f8b,2017-03-30,2017-04-12,2017-04-18
2badcb85e419,2017-03-28,2017-04-12,2017-04-18
e97c93a2f179,2017-03-13,2017-04-12,2017-04-12
bd905e6ab4b8,2017-04-07,2017-04-12,2017-04-18
abfcef090e18,2017-03-23,2017-04-12,2017-04-18
5a093b960ac3,2017-04-03,2017-04-12,2017-04-18
69bb8b6014ba,2017-04-06,2017-04-12,2017-04-18
851e17233eb3,2017-04-03,2017-04-12,2017-04-18
107cba02a922,2017-03-31,2017-04-12,2017-04-18
ac289ca04d67,2017-03-22,2017-04-12,2017-04-18
88a939c51d55,2017-03-28,2017-04-12,2017-04-18
89a3d2e46f15,2017-04-08,2017-04-12,2017-04-18
2bdfdc8ef973,2017-03-31,2017-04-12,2017-04-18
8ebfb674408f,2017-03-22,2017-04-12,2017-04-18
d48bb44e242f,2017-04-18,2017-04-18,2017-04-18
d50d0a3a0270,2017-03-28,2017-04-12,2017-04-18
72ed1d5a1fb0,2017-03-20,2017-04-12,2017-04-18
6147a9d60de1,2017-04-17,2017-04-17,2017-04-18
236553d5970d,2017-04-08,2017-04-12,2017-04-18
2d26cd9d1a3a,2017-04-13,2017-04-13,2017-04-18
7a8f53f4e326,2017-04-14,2017-04-14,2017-04-18
74ab79e319e3,2017-04-08,2017-04-12,2017-04-18
c43adaf1cb31,2017-03-19,2017-04-12,2017-04-18
fedad2a561ec,2017-04-07,2017-04-12,2017-04-18
8863ed620389,2017-03-19,2017-04-12,2017-04-18
fcb032337336,2017-04-03,2017-04-12,2017-04-18
d5dbdb521602,2017-04-01,2017-04-12,2017-04-18
fcaae494f80f,2017-03-16,2017-04-12,2017-04-15
6db4e5fac9ef,2017-04-03,2017-04-12,2017-04-18
be7c592df8a1,2017-04-14,2017-04-14,2017-04-18
17334890e3d0,2017-04-09,2017-04-12,2017-04-18
dd0a5097362d,2017-03-21,2017-04-12,2017-04-18
8eecbc36590d,2017-04-07,2017-04-12,2017-04-18
8f1fee49eccf,2017-03-14,2017-04-12,2017-04-13
81255dbd9891,2017-03-26,2017-04-12,2017-04-18
47c2c5454cdc,2017-04-17,2017-04-17,2017-04-18
26ca3c351eba,2017-04-08,2017-04-12,2017-04-18
05d8c91a83b7,2017-04-06,2017-04-12,2017-04-18
0c7233632897,2017-04-18,2017-04-18,2017-04-18
7280264503f9,2017-04-14,2017-04-14,2017-04-18
7dc2958a16b4,2017-03-30,2017-04-12,2017-04-18
87af6bb4eded,2017-03-30,2017-04-12,2017-04-18
35ffb990552f,2017-03-17,2017-04-12,2017-04-15
566428fa5b1f,2017-03-14,2017-04-12,2017-04-13
d4adff5ee80f,2017-03-31,2017-04-12,2017-04-18
1fa560aaf509,2017-03-14,2017-04-12,2017-04-13
7c242d3b8fef,2017-04-15,2017-04-15,2017-04-18
048153569ba5,2017-04-01,2017-04-12,2017-04-14
e9102be7ee49,2017-04-05,2017-04-12,2017-04-18
6050b8b9f536,2017-03-16,2017-04-12,2017-04-14
1037b67fb46b,2017-04-07,2017-04-12,2017-04-18
9e9248e2b38f,2017-04-10,2017-04-12,2017-04-18
24653d2c1ebf,2017-03-30,2017-04-12,2017-04-18
c47494f145f6,2017-04-18,2017-04-18,2017-04-18
f556e43d0a72,2017-04-14,2017-04-14,2017-04-18
d7f786c5e19c,2017-04-10,2017-04-12,2017-04-18
343e85f193cd,2017-03-18,2017-04-12,2017-04-16
66bb9c24973d,2017-04-13,2017-04-13,2017-04-18
9ad6a5983290,2017-04-05,2017-04-12,2017-04-18
c8a593f3dfd4,2017-03-14,2017-04-12,2017-04-12
5b1f864f4fa8,2017-04-05,2017-04-12,2017-04-18
39c533f2de3d,2017-04-08,2017-04-12,2017-04-18
e2365941ff01,2017-04-03,2017-04-12,2017-04-18
6c7ed780f8b4,2017-04-09,2017-04-12,2017-04-18
51e76b4fd169,2017-04-02,2017-04-12,2017-04-18
3750f34862d1,2017-03-31,2017-04-12,2017-04-18
1e595222d349,2017-04-02,2017-04-12,2017-04-18
22a15c1f685a,2017-03-30,2017-04-12,2017-04-18
186f6d77fead,2017-04-08,2017-04-12,2017-04-18
f2287e6e66c1,2017-04-18,2017-04-18,2017-04-18
e58f6c40494d,2017-03-15,2017-04-12,2017-04-13
908393adc3c5,2017-03-17,2017-04-12,2017-04-15
d4518824f25c,2017-03-31,2017-04-12,2017-04-18
38517920fec7,2017-04-13,2017-04-13,2017-04-18
bb841d01d9d3,2017-03-22,2017-04-12,2017-04-16
3f757ef88e22,2017-04-06,2017-04-12,2017-04-18
348c4cb3d91b,2017-04-09,2017-04-12,2017-04-18
d84d2443923d,2017-04-18,2017-04-18,2017-04-18
912fc8ab9b7f,2017-03-29,2017-04-12,2017-04-18
348c22e71392,2017-04-06,2017-04-12,2017-04-18
08260dcf2ec5,2017-03-18,2017-04-12,2017-04-17
f5a10b599d66,2017-04-18,2017-04-18,2017-04-18
205e3c589c42,2017-03-27,2017-04-12,2017-04-18
aa7a5ae2d4b7,2017-04-08,2017-04-12,2017-04-18
e74aaf219de8,2017-03-14,2017-04-12,2017-04-12
ce78f00eed85,2017-04-14,2017-04-14,2017-04-18
fd4281be5974,2017-03-20,2017-04-12,2017-04-18
6ba49ab102d6,2017-04-11,2017-04-12,2017-04-18
b19db496c421,2017-03-25,2017-04-12,2017-04-18
834d71f5a3fb,2017-03-21,2017-04-12,2017-04-18
6cbd2839a1f5,2017-03-14,2017-04-12,2017-04-13
3d315f212b04,2017-04-12,2017-04-12,2017-04-18
5085a7a7f51c,2017-03-15,2017-04-12,2017-04-14
eee6d5990596,2017-04-03,2017-04-12,2017-04-18
b53c489eb77f,2017-03-19,2017-04-12,2017-04-18
2b3264a0b0bd,2017-04-02,2017-04-12,2017-04-18
43db7002af73,2017-04-14,2017-04-14,2017-04-18
0100ec2bbb86,2017-03-27,2017-04-12,2017-04-18
1075f856d207,2017-03-25,2017-04-12,2017-04-18
95c5e652bc47,2017-04-01,2017-04-12,2017-04-18
b45fe824d5ff,2017-04-02,2017-04-12,2017-04-18
20dd49b88366,2017-04-13,2017-04-13,2017-04-18
1d98d6636d9b,2017-03-28,2017-04-12,2017-04-18
8281d2527570,2017-03-19,2017-04-12,2017-04-17
db8c584aa512,2017-04-01,2017-04-12,2017-04-18
17cbbbb052b8,2017-04-11,2017-04-12,2017-04-18
4181da812bdc,2017-03-27,2017-04-12,2017-04-18
e0c69d05a46a,2017-03-29,2017-04-12,2017-04-18
b5c6a6d59441,2017-03-20,2017-04-12,2017-04-18
5cf6ce5b269e,2017-03-14,2017-04-12,2017-04-13
877ce1b5f3af,2017-03-24,2017-04-12,2017-04-18
9fca913aba1a,2017-03-18,2017-04-12,2017-04-17
08ce578102ce,2017-04-10,2017-04-12,2017-04-18
20b7335c5955,2017-04-03,2017-04-12,2017-04-18
d7ed21fc26c5,2017-04-12,2017-04-12,2017-04-18
0164e20e4205,2017-04-14,2017-04-14,2017-04-18
51f975947679,2017-03-31,2017-04-12,2017-04-18
ab530652a00e,2017-04-10,2017-04-12,2017-04-18
5afc18eeb8f9,2017-03-17,2017-04-12,2017-04-16
828647b4cd14,2017-04-15,2017-04-15,2017-04-18
03d5b35bfbae,2017-03-30,2017-04-12,2017-04-18
ee6655567318,2017-04-16,2017-04-16,2017-04-18
f4df6300d239,2017-03-22,2017-04-12,2017-04-18
aca55f1bd3a1,2017-03-29,2017-04-12,2017-04-18
49271c634b49,2017-04-06,2017-04-12,2017-04-18
819fb6cd79c8,2017-04-09,2017-04-12,2017-04-18
de6ed07ccf0c,2017-03-22,2017-04-12,2017-04-18
90c6a78fdee5,2017-04-13,2017-04-13,2017-04-18
27239abdeee0,2017-03-30,2017-04-12,2017-04-18
64bb53d03e6a,2017-04-09,2017-04-12,2017-04-18
7e3cd2495a8e,2017-04-05,2017-04-12,2017-04-18
964916df8f61,2017-03-19,2017-04-12,2017-04-18
c0f585e4f7af,2017-04-06,2017-04-12,2017-04-18
5ff3cd19c738,2017-04-18,2017-04-18,2017-04-18
1b367b87f0c2,2017-03-28,2017-04-12,2017-04-18
100467d5c456,2017-03-20,2017-04-12,2017-04-18
078d90f99853,2017-04-14,2017-04-14,2017-04-18
975fd1c1add0,2017-04-16,2017-04-16,2017-04-18
1d3b2f09d7ba,2017-04-06,2017-04-12,2017-04-18
ab5dd0105928,2017-04-11,2017-04-12,2017-04-18
762476cc1d10,2017-04-14,2017-04-14,2017-04-18
e210fd0f2875,2017-03-27,2017-04-12,2017-04-18
3c6fe579ee99,2017-03-30,2017-04-12,2017-04-18
5758b1909d86,2017-03-27,2017-04-12,2017-04-18
198c66aeeba3,2017-04-01,2017-04-12,2017-04-18
f01595ee0f34,2017-03-23,2017-04-12,2017-04-18
32b3d79f3557,2017-03-14,2017-04-12,2017-04-13
c8545e14a5e6,2017-04-08,2017-04-12,2017-04-18
e0880c20514d,2017-04-03,2017-04-12,2017-04-18
72c03dfc23ce,2017-03-21,2017-04-12,2017-04-18
8efadc5b3c19,2017-04-08,2017-04-12,2017-04-18
35fd17675c3d,2017-03-31,2017-04-12,2017-04-18
28664072cf89,2017-03-20,2017-04-12,2017-04-18
cbd6bc7b391d,2017-03-31,2017-04-12,2017-04-18
2057a528b310,2017-04-13,2017-04-13,2017-04-18
7e6313d5ed6e,2017-04-16,2017-04-16,2017-04-18
f02c0c2b489f,2017-04-11,2017-04-12,2017-04-18
b6ed7bb77465,2017-03-14,2017-04-12,2017-04-13
0b6cb7200a45,2017-03-20,2017-04-12,2017-04-18
9b27d4004b85,2017-04-16,2017-04-16,2017-04-18
35801ae0b596,2017-04-04,2017-04-12,2017-04-18
08cbfdbd9e96,2017-03-23,2017-04-12,2017-04-18
dbaf54abe31f,2017-04-10,2017-04-12,2017-04-18
bc0629fa8684,2017-03-20,2017-04-12,2017-04-18
2d47e868f8b0,2017-04-12,2017-04-12,2017-04-18
499db37374b7,2017-04-01,2017-04-12,2017-04-18
5a5e90740f9e,2017-03-23,2017-04-12,2017-04-18
07d610b11292,2017-04-12,2017-04-12,2017-04-18
174ad0ebb4cb,2017-03-30,2017-04-12,2017-04-18
7cef26c6824d,2017-04-11,2017-04-12,2017-04-16
127c790525f6,2017-03-28,2017-04-12,2017-04-18
a118bf7bba20,2017-04-10,2017-04-12,2017-04-18
14f3cf8528c3,2017-04-18,2017-04-18,2017-04-18
631725ad5b35,2017-04-13,2017-04-13,2017-04-18
5cb341a76a1b,2017-04-02,2017-04-12,2017-04-18
94a1f3d327f8,2017-04-01,2017-04-12,2017-04-18
071bd2922819,2017-03-24,2017-04-12,2017-04-18
5bedf8c4e17d,2017-04-06,2017-04-12,2017-04-18
d8d1ae48d28a,2017-04-01,2017-04-12,2017-04-18
d1aba45602e5,2017-03-25,2017-04-12,2017-04-18
5f904478d45b,2017-03-14,2017-04-12,2017-04-13
107bc67119ba,2017-03-25,2017-04-12,2017-04-18
ebc8cbba1fa8,2017-04-18,2017-04-18,2017-04-18
87609a818654,2017-04-11,2017-04-12,2017-04-18
f9d0479de62e,2017-03-31,2017-04-12,2017-04-18
e07f4d4ee728,2017-04-05,2017-04-12,2017-04-18
8829fef19293,2017-03-21,2017-04-12,2017-04-18
7b2bf5fdb37e,2017-04-08,2017-04-12,2017-04-18
3954b7791aea,2017-03-22,2017-04-12,2017-04-18
a566f95d44ee,2017-04-02,2017-04-12,2017-04-18
121feb583724,2017-03-27,2017-04-12,2017-04-18
b706c5f4fb3a,2017-04-10,2017-04-12,2017-04-18
14c6357117ed,2017-03-15,2017-04-12,2017-04-14
929eebd4cb7b,2017-03-28,2017-04-12,2017-04-18
179150b5686a,2017-03-13,2017-04-12,2017-04-12
3c39b5e6de96,2017-03-19,2017-04-12,2017-04-18
3000a9158fb7,2017-03-30,2017-04-12,2017-04-18
a8e8d4c298d2,2017-04-11,2017-04-12,2017-04-18
03831746db83,2017-04-13,2017-04-13,2017-04-18
d85e012347fc,2017-04-17,2017-04-17,2017-04-18
730900b3acd3,2017-04-10,2017-04-12,2017-04-18
fd93c68239c8,2017-04-02,2017-04-12,2017-04-18
0e7f6bcc60ea,2017-04-10,2017-04-12,2017-04-18
bac6396d8e9d,2017-03-28,2017-04-12,2017-04-18
5e5bd40639e4,2017-03-14,2017-04-12,2017-04-12
a5e6d3693b05,2017-03-30,2017-04-12,2017-04-18
8160a672ce21,2017-04-01,2017-04-12,2017-04-18
47ca72f95b77,2017-04-08,2017-04-12,2017-04-18
6ca8002b76c3,2017-04-11,2017-04-12,2017-04-18
7b516c58115c,2017-04-13,2017-04-13,2017-04-18
b33138ff9f6e,2017-04-13,2017-04-13,2017-04-18
b21dfd17aa40,2017-03-15,2017-04-12,2017-04-14
5f53fcbbf50e,2017-04-12,2017-04-12,2017-04-18
e0d360b99ddb,2017-04-11,2017-04-12,2017-04-18
d6ab81839741,2017-03-25,2017-04-12,2017-04-13
10a4d424638a,2017-03-20,2017-04-12,2017-04-18
75b538176f5d,2017-03-15,2017-04-12,2017-04-13
c52656f7bd9b,2017-03-19,2017-04-12,2017-04-18
e2f5c5115761,2017-03-16,2017-04-12,2017-04-15
00db1407425a,2017-04-01,2017-04-12,2017-04-18
7e3dbbc7b08a,2017-04-14,2017-04-14,2017-04-18
3efb098251a4,2017-04-13,2017-04-14,2017-04-18
afec4df40689,2017-04-03,2017-04-12,2017-04-18
c1be9d33f4fd,2017-03-21,2017-04-12,2017-04-18
cf6f004ccd17,2017-04-04,2017-04-12,2017-04-18
3e2b5a56a6ac,2017-03-21,2017-04-12,2017-04-18
83e28fececa8,2017-04-05,2017-04-12,2017-04-18
216c019b759d,2017-04-10,2017-04-12,2017-04-18
6f1f86538d93,2017-03-17,2017-04-12,2017-04-16
d7f0ae962491,2017-04-03,2017-04-12,2017-04-18
70aa1904f9af,2017-04-03,2017-04-12,2017-04-18
5ebd1b700715,2017-03-29,2017-04-12,2017-04-18
638cff5b956d,2017-03-22,2017-04-12,2017-04-18
df3e179837f4,2017-03-20,2017-04-12,2017-04-18
a7d3a951be96,2017-03-15,2017-04-12,2017-04-14
517e29ac3167,2017-03-18,2017-04-12,2017-04-17
6659cfcc5b32,2017-03-19,2017-04-12,2017-04-18
29c1f69e9edd,2017-03-31,2017-04-12,2017-04-18
5196dd88f90e,2017-04-13,2017-04-13,2017-04-18
c0fb0f3a715f,2017-03-14,2017-04-12,2017-04-13
d26d5c4afd1d,2017-04-06,2017-04-12,2017-04-18
3858d9e6f1e7,2017-03-24,2017-04-12,2017-04-18
1763c9faa6ee,2017-04-04,2017-04-12,2017-04-18
939e80cbb481,2017-03-28,2017-04-12,2017-04-18
76d76f3d34fc,2017-04-07,2017-04-12,2017-04-18
eafcdde2642d,2017-03-14,2017-04-12,2017-04-13
8bbad96aa589,2017-04-06,2017-04-12,2017-04-18
bf5cc72c67f0,2017-04-05,2017-04-12,2017-04-18
8a8d71616d69,2017-04-09,2017-04-12,2017-04-18
47fa5ec31881,2017-04-15,2017-04-15,2017-04-18
016e4b68713a,2017-04-14,2017-04-14,2017-04-18
c69636559019,2017-03-20,2017-04-12,2017-04-18
b6bc640fc21e,2017-04-14,2017-04-14,2017-04-18
dfeab4a8d0db,2017-04-06,2017-04-12,2017-04-18
306c35198eb3,2017-03-18,2017-04-12,2017-04-17
926e32823587,2017-04-06,2017-04-12,2017-04-18
80ea22d93e93,2017-03-29,2017-04-12,2017-04-18
c21f22780e06,2017-03-13,2017-04-12,2017-04-12
751243aacb77,2017-04-11,2017-04-12,2017-04-15
2750e1d7f646,2017-03-30,2017-04-12,2017-04-18
324f2ad48da2,2017-03-30,2017-04-12,2017-04-18
348b7797d224,2017-04-10,2017-04-12,2017-04-18
0b730edf5547,2017-04-04,2017-04-12,2017-04-18
23d6dd08bf92,2017-03-17,2017-04-12,2017-04-16
c4b6f5f2a0d3,2017-03-22,2017-04-12,2017-04-18
be6a75b1791b,2017-03-27,2017-04-12,2017-04-18
7df33f44ced7,2017-04-10,2017-04-12,2017-04-18
ef217d167845,2017-04-17,2017-04-17,2017-04-18
88431ebe7642,2017-04-06,2017-04-12,2017-04-18
97ac7867018d,2017-03-20,2017-04-12,2017-04-18
d65ac06b023e,2017-03-26,2017-04-12,2017-04-18
eb327ec2c628,2017-03-30,2017-04-12,2017-04-18
ad6281715564,2017-03-23,2017-04-12,2017-04-18
426a16a4ea9c,2017-04-06,2017-04-12,2017-04-18
2398306cf384,2017-03-14,2017-04-12,2017-04-13
7be82ee556bb,2017-04-11,2017-04-12,2017-04-18
25d120138a5f,2017-03-27,2017-04-12,2017-04-18
3a700a1dc210,2017-04-12,2017-04-12,2017-04-18
272e4394b65b,2017-04-05,2017-04-12,2017-04-18
4d5607c38bf5,2017-04-03,2017-04-12,2017-04-18
24e63b636904,2017-03-21,2017-04-12,2017-04-18
e30cf37b1027,2017-03-20,2017-04-12,2017-04-18
ed067c58bc69,2017-04-17,2017-04-17,2017-04-18
3c5e5b49e4de,2017-04-15,2017-04-15,2017-04-18
558daeb7454f,2017-03-25,2017-04-12,2017-04-18
6dd199d166b7,2017-03-26,2017-04-12,2017-04-18
e6871164714e,2017-04-12,2017-04-12,2017-04-18
4520fc2273b7,2017-04-13,2017-04-13,2017-04-18
a347233c8f32,2017-03-15,2017-04-12,2017-04-14
63da3a8fe7b4,2017-04-09,2017-04-12,2017-04-18
bdebb47c1c0c,2017-04-13,2017-04-13,2017-04-18
cc62f257aff8,2017-04-03,2017-04-12,2017-04-18
c073a88e97ff,2017-04-17,2017-04-17,2017-04-18
7db03ea39cd0,2017-04-12,2017-04-12,2017-04-18
2ecff7cf5e95,2017-04-07,2017-04-12,2017-04-18
2eb21da5516d,2017-04-10,2017-04-12,2017-04-18
6c6580daaed0,2017-03-20,2017-04-12,2017-04-18
b9ee76d6dcc9,2017-04-09,2017-04-12,2017-04-18
219420a44456,2017-04-10,2017-04-12,2017-04-18
2cdabe602263,2017-03-23,2017-04-12,2017-04-18
914f366ae157,2017-03-28,2017-04-12,2017-04-18
2892e29bc95a,2017-04-09,2017-04-12,2017-04-18
a1ce16bedc67,2017-03-16,2017-04-12,2017-04-15
639fe26f1501,2017-04-08,2017-04-12,2017-04-18
26936952460a,2017-04-08,2017-04-12,2017-04-18
732f48250e50,2017-04-12,2017-04-12,2017-04-18
f561f6d8703c,2017-03-31,2017-04-12,2017-04-18
768ec362d4eb,2017-04-07,2017-04-12,2017-04-18
9bb1d3d84923,2017-03-22,2017-04-12,2017-04-18
c772ef4efa8a,2017-03-24,2017-04-12,2017-04-18
2e0927068859,2017-03-28,2017-04-12,2017-04-18
582e9138665f,2017-03-27,2017-04-12,2017-04-18
c2e9f8e3c22c,2017-03-24,2017-04-12,2017-04-18
ea64d29a86ae,2017-03-20,2017-04-12,2017-04-18
8839bcb648e1,2017-04-02,2017-04-12,2017-04-18
9e6081dd86b6,2017-04-10,2017-04-12,2017-04-18
53514ec53c68,2017-04-11,2017-04-12,2017-04-18
20113419a664,2017-04-05,2017-04-12,2017-04-18
fa2225b726a1,2017-04-10,2017-04-12,2017-04-18
d91a21c39ac5,2017-03-17,2017-04-12,2017-04-16
d5cebe822ef2,2017-04-16,2017-04-16,2017-04-18
b49f622bea24,2017-03-18,2017-04-12,2017-04-17
0cd7771220ab,2017-03-13,2017-04-12,2017-04-12
36f52efef930,2017-04-08,2017-04-12,2017-04-18
0826ced466ba,2017-04-01,2017-04-12,2017-04-18
b82d9f391972,2017-03-17,2017-04-12,2017-04-15
834c171b8a5a,2017-03-20,2017-04-12,2017-04-18
b9fa3c66aedb,2017-03-16,2017-04-12,2017-04-15
c3f3b7b2e01d,2017-04-12,2017-04-12,2017-04-18
52ca0d9de56f,2017-04-14,2017-04-14,2017-04-18
caa80884a9df,2017-04-10,2017-04-12,2017-04-18
28eee81c3e16,2017-04-11,2017-04-12,2017-04-18
fa8cda38a67f,2017-03-17,2017-04-12,2017-04-16
c90d6844b701,2017-04-04,2017-04-12,2017-04-18
159cdaea4b08,2017-03-28,2017-04-12,2017-04-18
edd7f52f429d,2017-04-16,2017-04-16,2017-04-18
a3cf5ab90df3,2017-03-30,2017-04-12,2017-04-18
a711d205c3fb,2017-04-12,2017-04-12,2017-04-18
20e5860b734a,2017-03-27,2017-04-12,2017-04-18
71bcb2b42180,2017-03-17,2017-04-12,2017-04-15
9bc1c1e71dac,2017-03-17,2017-04-12,2017-04-16
387e627b4ad7,2017-03-20,2017-04-12,2017-04-18
b58d7760ee97,2017-03-13,2017-04-12,2017-04-12
8e834b870a0d,2017-03-31,2017-04-12,2017-04-18
c934b72602bf,2017-03-22,2017-04-12,2017-04-18
1329e18746bc,2017-04-03,2017-04-12,2017-04-18
24a655711968,2017-04-11,2017-04-12,2017-04-18
1c451ced5739,2017-04-15,2017-04-15,2017-04-18
618906fe7ea9,2017-03-20,2017-04-12,2017-04-18
49daa7e3dc92,2017-04-01,2017-04-12,2017-04-18
1a72b84fe3cf,2017-03-15,2017-04-12,2017-04-13
ac38bf80ee6c,2017-04-17,2017-04-17,2017-04-18
e165ec11abdd,2017-03-29,2017-04-12,2017-04-18
6b3214b3ad39,2017-03-14,2017-04-12,2017-04-13
eb1fc3f5ea9a,2017-03-29,2017-04-12,2017-04-18
91f878c9768e,2017-03-23,2017-04-12,2017-04-18
e47a0587d526,2017-04-13,2017-04-13,2017-04-18
47c58af0d617,2017-03-17,2017-04-12,2017-04-15
83ab6384b1f3,2017-04-09,2017-04-12,2017-04-18
a9222820c176,2017-03-18,2017-04-12,2017-04-16
405c4a2be9a7,2017-04-12,2017-04-12,2017-04-18
0f3a346689e5,2017-03-17,2017-04-12,2017-04-16
e013a839e813,2017-04-10,2017-04-12,2017-04-18
8c4861dfbfbb,2017-04-08,2017-04-12,2017-04-18
90880aea6fbd,2017-03-23,2017-04-12,2017-04-18
a4ad5a739c79,2017-04-04,2017-04-12,2017-04-18
fd6f601cc383,2017-03-15,2017-04-12,2017-04-14
db30ae412af3,2017-03-22,2017-04-12,2017-04-18
20568f8d5ed0,2017-04-10,2017-04-12,2017-04-18
a469dfd54cae,2017-03-19,2017-04-12,2017-04-17
a1e02f8472bc,2017-03-21,2017-04-12,2017-04-18
b8a528d7a3b7,2017-03-28,2017-04-12,2017-04-18
3a4f37f60dd2,2017-03-25,2017-04-12,2017-04-18
3183eec6d3de,2017-04-18,2017-04-18,2017-04-18
2a1c5b04b799,2017-04-12,2017-04-12,2017-04-18
39fe68b474ff,2017-04-12,2017-04-12,2017-04-18
6c4d20ad1356,2017-04-05,2017-04-12,2017-04-18
32ec2700da7c,2017-03-31,2017-04-12,2017-04-18
7d10bab0ba2a,2017-04-03,2017-04-12,2017-04-18
afc451ce467e,2017-04-17,2017-04-17,2017-04-18
7d16aa407a6f,2017-03-27,2017-04-12,2017-04-18
5ab6426ec33e,2017-04-04,2017-04-12,2017-04-18
b610fd0d3c22,2017-04-05,2017-04-12,2017-04-18
f5752e811fad,2017-04-04,2017-04-12,2017-04-18
ca0e818c4213,2017-03-14,2017-04-12,2017-04-13
6037e3467ef2,2017-03-16,2017-04-12,2017-04-15
d63c9268bad1,2017-04-03,2017-04-12,2017-04-18
c9a7ecaa7220,2017-04-04,2017-04-12,2017-04-18
11f3d9e7c901,2017-03-27,2017-04-12,2017-04-18
1f18be8ed1b0,2017-03-25,2017-04-12,2017-04-18
bf21e227e2bc,2017-03-26,2017-04-12,2017-04-16
3b7be7bf807b,2017-03-17,2017-04-12,2017-04-16
c4b75ac66930,2017-03-24,2017-04-12,2017-04-18
513db64aa038,2017-04-14,2017-04-14,2017-04-18
95806253f391,2017-04-17,2017-04-17,2017-04-18
c2670fe87a49,2017-03-30,2017-04-12,2017-04-18
88cbb0eb521a,2017-04-10,2017-04-12,2017-04-18
5c9e33adad76,2017-04-08,2017-04-12,2017-04-18
84501dcbee8d,2017-04-10,2017-04-12,2017-04-18
af2b47cf8504,2017-04-05,2017-04-12,2017-04-18
5b92bd645aa4,2017-04-12,2017-04-12,2017-04-18
2bd7be617dc1,2017-04-02,2017-04-12,2017-04-18
7e03110a8145,2017-03-20,2017-04-12,2017-04-18
926f85dad99f,2017-04-12,2017-04-12,2017-04-18
498db4518c2d,2017-04-15,2017-04-15,2017-04-18
95cb7bf934f1,2017-04-11,2017-04-12,2017-04-18
570cc2e53637,2017-04-11,2017-04-12,2017-04-18
6611f4dc16bb,2017-03-31,2017-04-12,2017-04-18
95b231578483,2017-03-27,2017-04-12,2017-04-18
30901624c5fe,2017-03-20,2017-04-12,2017-04-18
134c951717c4,2017-04-09,2017-04-12,2017-04-13
9159b4efca00,2017-04-09,2017-04-12,2017-04-18
a947f478b075,2017-03-28,2017-04-12,2017-04-15
22b2bd26d552,2017-03-16,2017-04-12,2017-04-15
1f57acfdfd35,2017-03-25,2017-04-12,2017-04-18
c8021e3f83d4,2017-04-10,2017-04-12,2017-04-18
c78ab5de8a07,2017-03-29,2017-04-12,2017-04-18
ec1a83a1fdf1,2017-04-12,2017-04-12,2017-04-18
4096d0834351,2017-03-29,2017-04-12,2017-04-18
3855bccf0a9d,2017-04-12,2017-04-12,2017-04-18
824f8205ed12,2017-03-17,2017-04-12,2017-04-15
327704bece72,2017-03-17,2017-04-12,2017-04-16
c9baeb88ac2a,2017-03-23,2017-04-12,2017-04-18
c31601cc679c,2017-03-19,2017-04-12,2017-04-18
00cbac2c5faf,2017-03-30,2017-04-12,2017-04-18
4a34834347fc,2017-03-29,2017-04-12,2017-04-18
b92969aea177,2017-04-02,2017-04-12,2017-04-18
df8abf2a5460,2017-04-10,2017-04-12,2017-04-18
51255e545e68,2017-03-26,2017-04-12,2017-04-18
04ab59d410d3,2017-03-30,2017-04-12,2017-04-18
1a0e2b8bf3b5,2017-03-23,2017-04-12,2017-04-18
57d45a08ba00,2017-04-15,2017-04-15,2017-04-18
cf8776dac2dc,2017-03-24,2017-04-12,2017-04-18
890be859722f,2017-04-07,2017-04-12,2017-04-18
c463869598bc,2017-04-02,2017-04-12,2017-04-18
a3c55cd49338,2017-04-01,2017-04-12,2017-04-18
c16fe40ef599,2017-03-14,2017-04-12,2017-04-13
7ac510fbfef9,2017-03-26,2017-04-12,2017-04-18
545e30d0b80b,2017-04-14,2017-04-14,2017-04-18
7851d4b096fc,2017-03-28,2017-04-12,2017-04-18
573932940fb9,2017-03-22,2017-04-12,2017-04-18
d0aca1a654d7,2017-04-11,2017-04-12,2017-04-18
d855007540a1,2017-03-16,2017-04-12,2017-04-15
e26c17c77e65,2017-03-22,2017-04-12,2017-04-18
361a0d650df0,2017-03-27,2017-04-12,2017-04-18
d2e24cee3902,2017-03-23,2017-04-12,2017-04-18
400ef568d246,2017-03-21,2017-04-12,2017-04-18
8e7447b1e0ff,2017-03-20,2017-04-12,2017-04-18
c31b5a74ffc9,2017-03-30,2017-04-12,2017-04-18
c74e303c0332,2017-04-04,2017-04-12,2017-04-18
270ebc729746,2017-03-23,2017-04-12,2017-04-18
a53fb4988efa,2017-03-31,2017-04-12,2017-04-18
463bac662afc,2017-03-20,2017-04-12,2017-04-18
f8b835fdcb91,2017-03-22,2017-04-12,2017-04-18
e0892b7342a2,2017-03-21,2017-04-12,2017-04-18
0e84f6349c2d,2017-04-12,2017-04-12,2017-04-18
320077d0cf17,2017-04-04,2017-04-12,2017-04-18
183f32822ea8,2017-04-12,2017-04-12,2017-04-13
ec53766d0434,2017-03-28,2017-04-12,2017-04-18
acd3a4e3a458,2017-03-20,2017-04-12,2017-04-18
5911d967eaac,2017-03-24,2017-04-12,2017-04-18
c8a8f2df83a1,2017-04-16,2017-04-16,2017-04-18
8ff43270f39b,2017-03-17,2017-04-12,2017-04-15
9e32c72b77ee,2017-04-06,2017-04-12,2017-04-18
f21092ec884b,2017-04-04,2017-04-12,2017-04-18
6058e765dd28,2017-04-06,2017-04-12,2017-04-18
ca384bbf577f,2017-04-07,2017-04-12,2017-04-18
f7c97af20c12,2017-04-05,2017-04-12,2017-04-18
71ceb329b040,2017-04-02,2017-04-12,2017-04-18
8a4e4c013504,2017-04-09,2017-04-12,2017-04-18
f17af81caafa,2017-04-01,2017-04-12,2017-04-18
c9cf9d96694f,2017-04-01,2017-04-12,2017-04-18
9d2c2f414633,2017-04-02,2017-04-12,2017-04-18
ec58d9471cd1,2017-03-17,2017-04-12,2017-04-16
70b74d67ef50,2017-04-02,2017-04-12,2017-04-18
4f825f05f2b5,2017-04-10,2017-04-12,2017-04-18
a944a5148bff,2017-03-31,2017-04-12,2017-04-18
06c2e8ffa120,2017-04-09,2017-04-12,2017-04-13
04d645848c0e,2017-04-06,2017-04-12,2017-04-18
59103efcd31f,2017-04-05,2017-04-12,2017-04-18
1b46b83e19ca,2017-04-09,2017-04-12,2017-04-18
f844ef959733,2017-03-17,2017-04-12,2017-04-16
6790b613aeb5,2017-03-28,2017-04-12,2017-04-18
1662174b0f80,2017-04-10,2017-04-12,2017-04-18
2f9eded571e0,2017-04-02,2017-04-12,2017-04-18
3c79a703292c,2017-04-06,2017-04-12,2017-04-18
19991681f545,2017-04-11,2017-04-12,2017-04-17
bfbf552ba6f0,2017-04-17,2017-04-17,2017-04-18
f127101f56c6,2017-04-07,2017-04-12,2017-04-18
073a4a9c9bd2,2017-03-23,2017-04-12,2017-04-18
97fe23acf396,2017-04-03,2017-04-12,2017-04-18
66b76f73b18a,2017-04-14,2017-04-14,2017-04-18
70aa02dfe75d,2017-04-15,2017-04-15,2017-04-18
f3f467202978,2017-03-14,2017-04-12,2017-04-13
80c6e5f31dd0,2017-03-22,2017-04-12,2017-04-18
058c00f601af,2017-04-15,2017-04-15,2017-04-18
2f82b9c984ed,2017-04-17,2017-04-17,2017-04-18
336ed1083417,2017-04-12,2017-04-12,2017-04-18
82cd2fdc84d4,2017-04-01,2017-04-12,2017-04-18
507c80376b8c,2017-04-14,2017-04-14,2017-04-18
387ddb2984e6,2017-03-15,2017-04-12,2017-04-14
275a3ffb713a,2017-03-13,2017-04-12,2017-04-12
96f8bc045698,2017-04-07,2017-04-12,2017-04-18
f2196c74a815,2017-04-11,2017-04-12,2017-04-12
8c7546ded377,2017-03-19,2017-04-12,2017-04-18
089cf7918ece,2017-04-11,2017-04-12,2017-04-15
3bf4153a50a6,2017-03-16,2017-04-12,2017-04-15
d8506ead3460,2017-03-25,2017-04-12,2017-04-18
146358b13434,2017-03-23,2017-04-12,2017-04-18
3be3120590f5,2017-04-15,2017-04-15,2017-04-18
aee1ac9dab17,2017-04-03,2017-04-12,2017-04-18
85121154cdfe,2017-03-24,2017-04-12,2017-04-16
567f2ca7b50b,2017-04-07,2017-04-12,2017-04-18
9f2cc7c5121f,2017-04-12,2017-04-12,2017-04-18
dd784ef547d9,2017-03-23,2017-04-12,2017-04-18
28d01cac1895,2017-03-14,2017-04-12,2017-04-12
ccdf5193b1ae,2017-04-13,2017-04-13,2017-04-18
77c240c8f838,2017-03-16,2017-04-12,2017-04-15
e2c08d87d436,2017-04-03,2017-04-12,2017-04-18
a7840fd0ffc8,2017-03-20,2017-04-12,2017-04-18
3469112d22f1,2017-03-25,2017-04-12,2017-04-18
ad4e64878871,2017-04-12,2017-04-12,2017-04-18
aa4f6889e139,2017-03-14,2017-04-12,2017-04-12
0c63306edddc,2017-04-03,2017-04-12,2017-04-18
6beab2ee6cd5,2017-04-06,2017-04-12,2017-04-18
761a56571a86,2017-03-18,2017-04-12,2017-04-17
7d7e9f6c2021,2017-03-26,2017-04-12,2017-04-18
e54b55aa1214,2017-04-04,2017-04-12,2017-04-18
b2b614d015d0,2017-03-20,2017-04-12,2017-04-18
5ebfcbb19d3e,2017-03-29,2017-04-12,2017-04-18
5210c240b3f1,2017-04-06,2017-04-12,2017-04-18
386b1d500358,2017-04-06,2017-04-12,2017-04-18
ce44da47c15b,2017-03-16,2017-04-12,2017-04-15
7b075e5dd619,2017-04-06,2017-04-12,2017-04-18
f8a4844e6aa5,2017-04-02,2017-04-12,2017-04-18
76f096bc96a2,2017-03-28,2017-04-12,2017-04-18
edeb3eb25a7f,2017-03-16,2017-04-12,2017-04-13
ae5c8e75e6b7,2017-04-16,2017-04-16,2017-04-18
f898aef51b9a,2017-04-13,2017-04-13,2017-04-18
4b6199b4cfd3,2017-04-17,2017-04-17,2017-04-18
511e208665a3,2017-04-05,2017-04-12,2017-04-18
0bbac8f4cc12,2017-03-18,2017-04-12,2017-04-16
f4dad800ac9f,2017-03-30,2017-04-12,2017-04-18
48ea618b086b,2017-04-04,2017-04-12,2017-04-18
2dc6042a38e8,2017-04-04,2017-04-12,2017-04-18
57c98634e80d,2017-04-10,2017-04-12,2017-04-18
37ed50c54e8f,2017-03-15,2017-04-12,2017-04-14
6a7f6e38500c,2017-04-03,2017-04-12,2017-04-18
23d26e4e3b20,2017-04-13,2017-04-13,2017-04-18
cf24588b7956,2017-04-17,2017-04-17,2017-04-18
79f93dbc5bb9,2017-03-23,2017-04-12,2017-04-18
68b199b7e531,2017-03-27,2017-04-12,2017-04-18
5b8c02129604,2017-04-04,2017-04-12,2017-04-18
6f1ed875d1b1,2017-03-21,2017-04-12,2017-04-18
934fa46b25c8,2017-03-18,2017-04-12,2017-04-14
ad279d4bbcd9,2017-03-15,2017-04-12,2017-04-14
c133adc3c507,2017-04-14,2017-04-14,2017-04-18
0167a095ed43,2017-04-13,2017-04-13,2017-04-18
5049d5618732,2017-04-08,2017-04-12,2017-04-18
47e164208f48,2017-03-28,2017-04-12,2017-04-18
e89897d45300,2017-03-18,2017-04-12,2017-04-17
4da3de4f4048,2017-03-18,2017-04-12,2017-04-16
0c2aa395a2ec,2017-03-24,2017-04-12,2017-04-18
9384e21b61b4,2017-03-19,2017-04-12,2017-04-17
78e453425376,2017-04-11,2017-04-12,2017-04-18
c5b3d3a281ff,2017-03-20,2017-04-12,2017-04-18
35e26a358885,2017-03-14,2017-04-12,2017-04-12
642229b9c3d2,2017-03-14,2017-04-12,2017-04-12
13512eccad37,2017-03-21,2017-04-12,2017-04-18
0838bff3b011,2017-03-24,2017-04-12,2017-04-18
baba0cd8df9a,2017-04-03,2017-04-12,2017-04-18
7f7ba6995de6,2017-04-10,2017-04-12,2017-04-18
6547d19b1de2,2017-04-11,2017-04-12,2017-04-18
b970de72de91,2017-03-26,2017-04-12,2017-04-18
c8eb3d4fb6fc,2017-04-14,2017-04-14,2017-04-18
56cb1a6796a7,2017-04-15,2017-04-15,2017-04-18
da986ef8bf0f,2017-03-16,2017-04-12,2017-04-15
a76c22bfc501,2017-04-14,2017-04-14,2017-04-18
f56ca343bdc0,2017-04-13,2017-04-13,2017-04-18
2d7cf0a27961,2017-04-02,2017-04-12,2017-04-18
e75148499870,2017-04-05,2017-04-12,2017-04-18
8ac2471e2a0c,2017-04-16,2017-04-16,2017-04-18
0309f28aeee3,2017-04-15,2017-04-15,2017-04-18
4b6b0010d5bc,2017-04-05,2017-04-12,2017-04-18
6cac0e7790b0,2017-04-03,2017-04-12,2017-04-18
a40e20768353,2017-04-12,2017-04-12,2017-04-18
54e06db16006,2017-04-01,2017-04-12,2017-04-18
78c221a088ba,2017-04-02,2017-04-12,2017-04-18
495ebf0815c7,2017-03-31,2017-04-12,2017-04-18
45f1d0f58ef4,2017-04-14,2017-04-14,2017-04-18
b6561634c84b,2017-03-31,2017-04-12,2017-04-18
0d10c98a0259,2017-04-11,2017-04-12,2017-04-18
e42c662a968a,2017-04-05,2017-04-12,2017-04-18
80e513f14c34,2017-03-29,2017-04-12,2017-04-18
056dccdd4f14,2017-04-13,2017-04-13,2017-04-18
6bb73a330884,2017-03-17,2017-04-12,2017-04-16
dc42cd224ed0,2017-04-18,2017-04-18,2017-04-18
0b58379866e9,2017-04-11,2017-04-12,2017-04-18
47e2547a4b6f,2017-03-14,2017-04-12,2017-04-12
2d667e20e3b9,2017-04-07,2017-04-12,2017-04-18
19f42792c355,2017-03-28,2017-04-12,2017-04-18
06139e0604f0,2017-04-10,2017-04-12,2017-04-18
6164ceb85e10,2017-04-16,2017-04-16,2017-04-18
55ea535f97f2,2017-03-21,2017-04-12,2017-04-18
a0c09713f197,2017-04-07,2017-04-12,2017-04-18
c6297919f4c5,2017-03-26,2017-04-12,2017-04-18
d66bbbe9f4e9,2017-03-30,2017-04-12,2017-04-18
c375eb3d8fb9,2017-04-15,2017-04-15,2017-04-18
1a8ff8c9d131,2017-04-03,2017-04-12,2017-04-18
8d92d24fdc82,2017-04-12,2017-04-12,2017-04-18
5f15820ea477,2017-03-22,2017-04-12,2017-04-18
1f623428cafe,2017-03-23,2017-04-12,2017-04-18
bb7f70600b0f,2017-03-22,2017-04-12,2017-04-18
f1910cbd5c50,2017-04-05,2017-04-12,2017-04-18
7584e5a7561c,2017-04-07,2017-04-12,2017-04-18
cce7226c9359,2017-03-20,2017-04-12,2017-04-18
1071e6654bc5,2017-04-07,2017-04-12,2017-04-18
e7658fa0ade3,2017-04-02,2017-04-12,2017-04-18
0283f7370ae9,2017-04-04,2017-04-12,2017-04-18
5d1b91b569f9,2017-03-21,2017-04-12,2017-04-18
7ec2b40249f7,2017-04-10,2017-04-12,2017-04-18
ff07de05b66f,2017-04-01,2017-04-12,2017-04-18
8a422ea29942,2017-04-15,2017-04-15,2017-04-18
a4346c4b68fb,2017-03-26,2017-04-12,2017-04-18
f1077d282271,2017-04-07,2017-04-12,2017-04-18
a7f3ae36bd7d,2017-04-14,2017-04-14,2017-04-18
e83048b8bdfd,2017-03-18,2017-04-12,2017-04-16
b61e324b1cc9,2017-03-22,2017-04-12,2017-04-18
5267e153f9bd,2017-04-18,2017-04-18,2017-04-18
3208edbde8e7,2017-04-07,2017-04-12,2017-04-15
1ad444b23582,2017-04-08,2017-04-12,2017-04-15
52ac6e684a8a,2017-04-14,2017-04-14,2017-04-18
85b9973aeab0,2017-03-29,2017-04-12,2017-04-18
cf582552b738,2017-04-13,2017-04-13,2017-04-18
7c50ffe23065,2017-04-08,2017-04-12,2017-04-18
4d28983ceda2,2017-03-30,2017-04-12,2017-04-18
9d8c3b7ed4be,2017-04-15,2017-04-15,2017-04-18
a10895141c61,2017-04-08,2017-04-12,2017-04-18
2079f53e5db3,2017-04-01,2017-04-12,2017-04-18
e680b8560e12,2017-04-06,2017-04-12,2017-04-15
555edddb6400,2017-03-14,2017-04-12,2017-04-13
3a819c455bfb,2017-03-30,2017-04-12,2017-04-18
d4b97a91b3ea,2017-04-01,2017-04-12,2017-04-18
9fccc9fe8621,2017-04-06,2017-04-12,2017-04-18
3754c07559c1,2017-04-15,2017-04-15,2017-04-18
664ab2d93c0c,2017-04-04,2017-04-12,2017-04-18
982a523b3174,2017-04-13,2017-04-13,2017-04-18
6da0868af518,2017-03-21,2017-04-12,2017-04-18
fab3d8a03fb6,2017-03-25,2017-04-12,2017-04-18
504570c62ce7,2017-03-24,2017-04-12,2017-04-18
ff3dfcf0bd19,2017-03-29,2017-04-12,2017-04-18
289f289b7b68,2017-04-02,2017-04-12,2017-04-18
5b2280da9e8c,2017-04-14,2017-04-14,2017-04-18
4a8e3a189e8d,2017-04-09,2017-04-12,2017-04-18
cc66484a924b,2017-04-09,2017-04-12,2017-04-18
88a2f7620fa6,2017-04-11,2017-04-12,2017-04-18
d64142bf83d5,2017-04-03,2017-04-12,2017-04-18
2ebd7be2f21f,2017-04-14,2017-04-14,2017-04-18
aa9c2542947a,2017-03-28,2017-04-12,2017-04-18
e9a7a6acf817,2017-04-14,2017-04-14,2017-04-18
f0941350e35e,2017-04-04,2017-04-12,2017-04-18
7086a89127fb,2017-04-13,2017-04-13,2017-04-18
a098d7646cd8,2017-04-06,2017-04-12,2017-04-18
011a9fa9880f,2017-03-30,2017-04-12,2017-04-14
7d0cfd37eb48,2017-03-21,2017-04-12,2017-04-18
50eb0ae823c1,2017-03-14,2017-04-12,2017-04-13
51770368b660,2017-04-07,2017-04-12,2017-04-18
0fbb904cda40,2017-03-15,2017-04-12,2017-04-13
39b82b48c964,2017-03-18,2017-04-12,2017-04-16
d551858ff066,2017-03-23,2017-04-12,2017-04-18
cb67772c902f,2017-04-18,2017-04-18,2017-04-18
e5b7961163e9,2017-04-15,2017-04-15,2017-04-18
fef0594708d0,2017-04-11,2017-04-12,2017-04-18
c89cffd70632,2017-03-16,2017-04-12,2017-04-15
2fda428b0ec7,2017-04-08,2017-04-12,2017-04-18
5321d3c58c07,2017-03-14,2017-04-12,2017-04-13
3c3dfb15de4c,2017-03-29,2017-04-12,2017-04-18
8c4e9fab335c,2017-04-08,2017-04-12,2017-04-18
6793a3fdd804,2017-04-01,2017-04-12,2017-04-18
361d28273291,2017-03-21,2017-04-12,2017-04-18
0c576acf2446,2017-04-11,2017-04-12,2017-04-18
f8785831fdbe,2017-04-13,2017-04-13,2017-04-18
fdbba2f49260,2017-03-29,2017-04-12,2017-04-18
9d675b70cd12,2017-03-28,2017-04-12,2017-04-18
f85b88182080,2017-04-17,2017-04-17,2017-04-18
21f9ba3d0edf,2017-04-12,2017-04-12,2017-04-18
e60e1fd5d086,2017-04-17,2017-04-17,2017-04-18
3bf7acaa1ffc,2017-04-07,2017-04-12,2017-04-18
124d28c205f8,2017-04-08,2017-04-12,2017-04-18
9ca4cb1cc923,2017-03-26,2017-04-12,2017-04-18
b29eac004183,2017-03-24,2017-04-12,2017-04-18
0ba7cc324666,2017-03-20,2017-04-12,2017-04-18
c0d472cd6777,2017-04-16,2017-04-16,2017-04-18
accf880e44f8,2017-04-11,2017-04-12,2017-04-18
b2124f85ca38,2017-04-10,2017-04-12,2017-04-18
446449359d79,2017-04-01,2017-04-12,2017-04-18
7a086d7c3422,2017-04-12,2017-04-12,2017-04-18
a69b6211ce07,2017-03-16,2017-04-12,2017-04-15
3b94a13437d7,2017-03-17,2017-04-12,2017-04-16
9b81d64035e4,2017-04-07,2017-04-12,2017-04-18
eef6c8122671,2017-03-25,2017-04-12,2017-04-18
1ccb0b7e409d,2017-03-22,2017-04-12,2017-04-18
538e930e3b38,2017-04-01,2017-04-12,2017-04-18
c79f16dbeacc,2017-03-26,2017-04-12,2017-04-18
3e33b68112a0,2017-03-22,2017-04-12,2017-04-18
427cf1ebacbc,2017-03-16,2017-04-12,2017-04-15
55dea9e7cfc5,2017-04-12,2017-04-12,2017-04-18
ef45783368ed,2017-03-23,2017-04-12,2017-04-18
fd69afdd64b4,2017-04-14,2017-04-14,2017-04-18
a8f848cd7535,2017-03-30,2017-04-12,2017-04-18
740df511240d,2017-03-31,2017-04-12,2017-04-18
6aeef834a556,2017-03-19,2017-04-12,2017-04-17
fdc384cbf789,2017-04-02,2017-04-12,2017-04-18
d4200084c6f6,2017-03-15,2017-04-12,2017-04-13
cbea4b3144bb,2017-03-31,2017-04-12,2017-04-18
764664912b4a,2017-03-14,2017-04-12,2017-04-13
ce5a7c466a05,2017-03-23,2017-04-12,2017-04-18
e4441577f449,2017-04-10,2017-04-12,2017-04-18
ecbd50ae393a,2017-04-17,2017-04-17,2017-04-18
00c7fd6989a9,2017-03-25,2017-04-12,2017-04-18
dc68494191a9,2017-03-22,2017-04-12,2017-04-18
249d63866847,2017-04-02,2017-04-12,2017-04-18
4f01ec0a4e91,2017-04-08,2017-04-12,2017-04-18
d0e9b8cc5f17,2017-04-09,2017-04-12,2017-04-18
cb3723cd5d8c,2017-03-15,2017-04-12,2017-04-14
9e04f76b56d4,2017-04-02,2017-04-12,2017-04-18
78779b6e33b1,2017-04-17,2017-04-17,2017-04-18
b9d255ec1545,2017-04-09,2017-04-12,2017-04-18
9ba4611e069f,2017-04-02,2017-04-12,2017-04-18
b6991f381fa6,2017-03-22,2017-04-12,2017-04-18
36e6f9ee6c36,2017-03-14,2017-04-12,2017-04-13
ff68584fda4b,2017-03-22,2017-04-12,2017-04-18
c18924d3b4cf,2017-03-20,2017-04-12,2017-04-18
499ad07490b1,2017-04-03,2017-04-12,2017-04-14
c7578d156bb2,2017-04-13,2017-04-13,2017-04-18
50a656865bf6,2017-04-10,2017-04-12,2017-04-18
f31c8fca483d,2017-04-08,2017-04-12,2017-04-18
31cb3482f65f,2017-03-19,2017-04-12,2017-04-18
40330043882e,2017-03-26,2017-04-12,2017-04-18
3c5604961ed3,2017-03-28,2017-04-12,2017-04-18
4807563a4ec7,2017-04-05,2017-04-12,2017-04-18
77556a30890e,2017-03-15,2017-04-12,2017-04-14
ed6c348aa97a,2017-03-24,2017-04-12,2017-04-18
d047b93ff4df,2017-04-01,2017-04-12,2017-04-18
e07add0bfcd4,2017-04-03,2017-04-12,2017-04-18
ae6d37f057a8,2017-04-04,2017-04-12,2017-04-18
1e375b34e051,2017-04-09,2017-04-12,2017-04-18
54d266c03fd6,2017-04-07,2017-04-12,2017-04-18
8367ffb184d7,2017-04-10,2017-04-12,2017-04-18
49e69520cba4,2017-03-25,2017-04-12,2017-04-18
c1872ded76cd,2017-03-29,2017-04-12,2017-04-18
79981b1943ed,2017-03-29,2017-04-12,2017-04-18
57bded4c807c,2017-03-22,2017-04-12,2017-04-18
1593fab5dd88,2017-03-28,2017-04-12,2017-04-18
6af8a4e00cbe,2017-03-16,2017-04-12,2017-04-15
e64174c13259,2017-03-17,2017-04-12,2017-04-15
c4ae0d3d46c8,2017-03-27,2017-04-12,2017-04-18
05d43fb34c71,2017-03-23,2017-04-12,2017-04-18
b46f7b0f8d10,2017-03-16,2017-04-12,2017-04-15
534299169d88,2017-03-22,2017-04-12,2017-04-18
a37720155e05,2017-04-13,2017-04-13,2017-04-18
fec9d59661ed,2017-03-20,2017-04-12,2017-04-18
910ebf141640,2017-03-27,2017-04-12,2017-04-18
2f916446187a,2017-04-02,2017-04-12,2017-04-18
4db73f3fa1e0,2017-04-17,2017-04-17,2017-04-18
72fc0f389b7b,2017-04-16,2017-04-16,2017-04-18
73ada42969d8,2017-04-09,2017-04-12,2017-04-18
613fb53e82c2,2017-04-17,2017-04-17,2017-04-18
18c2d4a9c27c,2017-04-10,2017-04-12,2017-04-18
8c6f287f85a2,2017-04-14,2017-04-14,2017-04-18
fd6b375985ac,2017-04-12,2017-04-12,2017-04-18
2c8cc481ebd6,2017-04-18,2017-04-18,2017-04-18
6f3d4da4a839,2017-04-14,2017-04-14,2017-04-18
334411df3063,2017-03-26,2017-04-12,2017-04-18
770870149ac0,2017-04-03,2017-04-12,2017-04-18
424cbfb354b8,2017-03-16,2017-04-12,2017-04-14
039d023b71cd,2017-03-27,2017-04-12,2017-04-18
9eff4e79124e,2017-03-29,2017-04-12,2017-04-18
a129f3eef74d,2017-03-17,2017-04-12,2017-04-16
7eba073b5afb,2017-03-20,2017-04-12,2017-04-18
b030c030bca0,2017-04-04,2017-04-12,2017-04-18
b5d9baf10d26,2017-04-09,2017-04-12,2017-04-18
cf1c78d57053,2017-03-29,2017-04-12,2017-04-18
f0bdf1a04ba0,2017-04-07,2017-04-12,2017-04-18
cc6f608e1829,2017-03-29,2017-04-12,2017-04-18
8f5d0df8f106,2017-04-09,2017-04-12,2017-04-18
e58f8e1ac52e,2017-04-13,2017-04-13,2017-04-18
258b49cd3c54,2017-04-11,2017-04-12,2017-04-18
891940c60083,2017-03-28,2017-04-12,2017-04-18
68a831d7adda,2017-04-13,2017-04-13,2017-04-18
ddb6107c6329,2017-03-16,2017-04-12,2017-04-15
d1a65b66b8fa,2017-04-12,2017-04-12,2017-04-18
34965cd82afd,2017-03-27,2017-04-12,2017-04-18
9584acb7b1e5,2017-03-28,2017-04-12,2017-04-18
b1a20570de53,2017-04-04,2017-04-12,2017-04-18
6df8162eeb2f,2017-03-20,2017-04-12,2017-04-18
d1a886c69d40,2017-03-31,2017-04-12,2017-04-18
07aae9a9824a,2017-04-10,2017-04-12,2017-04-18
70f42647cb3b,2017-04-10,2017-04-12,2017-04-18
93ee8a2349c0,2017-04-15,2017-04-15,2017-04-18
b900c20edff3,2017-04-05,2017-04-12,2017-04-18
91cfae3b59bd,2017-03-14,2017-04-12,2017-04-13
55bd66896824,2017-04-10,2017-04-12,2017-04-18
5fb99a8e7b67,2017-03-22,2017-04-12,2017-04-18
fbe90d715f4c,2017-03-31,2017-04-12,2017-04-18
3276f0f36899,2017-04-07,2017-04-12,2017-04-18
f17615553db6,2017-04-11,2017-04-12,2017-04-18
d49f0d00b52f,2017-03-29,2017-04-12,2017-04-18
e8a00a6f0d0f,2017-03-26,2017-04-12,2017-04-18
1a084e2d7d4a,2017-03-17,2017-04-12,2017-04-16
7fed81c438f0,2017-04-12,2017-04-12,2017-04-18
aa7edc6339a9,2017-04-13,2017-04-13,2017-04-18
8a6fce296b39,2017-03-21,2017-04-12,2017-04-18
88cf32ebd426,2017-04-07,2017-04-12,2017-04-18
c14444718ab1,2017-03-14,2017-04-12,2017-04-13
b9a09956d5a8,2017-04-01,2017-04-12,2017-04-17
5c9bfb2b69de,2017-04-02,2017-04-12,2017-04-18
027a793d1e21,2017-03-12,2017-04-12,2017-04-13
689ba0f34a10,2017-03-20,2017-04-12,2017-04-18
75f9ae0a2b0c,2017-03-28,2017-04-12,2017-04-18
d45d08ccef54,2017-03-28,2017-04-12,2017-04-18
fde9d53e40f7,2017-03-28,2017-04-12,2017-04-18
9d5e3062ab07,2017-03-23,2017-04-12,2017-04-18
55f970cacc4b,2017-03-23,2017-04-12,2017-04-18
b555dc73d717,2017-04-03,2017-04-12,2017-04-18
fbf5fd2ce761,2017-03-25,2017-04-12,2017-04-18
3f7783d7370c,2017-03-27,2017-04-12,2017-04-18
89151d38e061,2017-04-11,2017-04-12,2017-04-18
5f6952613ca1,2017-03-28,2017-04-12,2017-04-18
622013e2df8c,2017-04-06,2017-04-12,2017-04-18
bfdf037451d1,2017-04-14,2017-04-14,2017-04-18
dc1d167baf30,2017-03-22,2017-04-12,2017-04-18
2178646e1467,2017-04-12,2017-04-12,2017-04-18
89aebb6684e7,2017-04-12,2017-04-12,2017-04-18
b4ce5549100f,2017-04-07,2017-04-12,2017-04-18
fd355e197ade,2017-03-24,2017-04-12,2017-04-18
aa9fca124709,2017-03-18,2017-04-12,2017-04-17
4cf4a8607e28,2017-03-25,2017-04-12,2017-04-18
0fc04f39b2d2,2017-04-09,2017-04-12,2017-04-18
088415830647,2017-03-23,2017-04-12,2017-04-17
d5ff4a5d8e58,2017-03-31,2017-04-12,2017-04-18
1f53d4b4ae95,2017-04-18,2017-04-18,2017-04-18
201c5b6af42e,2017-04-09,2017-04-12,2017-04-18
d07325fb4c7c,2017-03-18,2017-04-12,2017-04-17
9ebf81e5b4dd,2017-03-22,2017-04-12,2017-04-18
725fb91060ed,2017-04-06,2017-04-12,2017-04-18
a5ff09353abe,2017-04-12,2017-04-12,2017-04-18
2fce94001262,2017-03-30,2017-04-12,2017-04-18
b252a20b0c5a,2017-04-02,2017-04-12,2017-04-18
98a22c7cedee,2017-03-14,2017-04-12,2017-04-13
8c9ee135d8cc,2017-04-08,2017-04-12,2017-04-18
e6a2afbf2878,2017-04-11,2017-04-12,2017-04-18
a741565214f3,2017-03-27,2017-04-12,2017-04-18
1ab7114bd561,2017-04-06,2017-04-12,2017-04-18
d8446e26e161,2017-04-09,2017-04-12,2017-04-18
31ef13ae713d,2017-04-02,2017-04-12,2017-04-18
2d4caae3d9ff,2017-04-09,2017-04-12,2017-04-18
03d5a067d043,2017-04-10,2017-04-12,2017-04-18
7ab670e418c6,2017-04-09,2017-04-12,2017-04-18
bad545675892,2017-03-26,2017-04-12,2017-04-18
125b17cc27e1,2017-04-17,2017-04-17,2017-04-18
7a2291e492da,2017-03-13,2017-04-12,2017-04-12
98b4574ffca3,2017-03-14,2017-04-12,2017-04-13
102af5efc2c0,2017-04-14,2017-04-14,2017-04-18
7472b2cd99f3,2017-04-14,2017-04-14,2017-04-18
862d3edcd037,2017-04-12,2017-04-12,2017-04-18
c51338f7b989,2017-03-30,2017-04-12,2017-04-18
490151f0896d,2017-03-21,2017-04-12,2017-04-18
e089d5bf9a0f,2017-03-27,2017-04-12,2017-04-18
41a84ae4b947,2017-04-01,2017-04-12,2017-04-18
60290262dc4c,2017-04-10,2017-04-12,2017-04-18
72a46cf49ea9,2017-03-26,2017-04-12,2017-04-18
f0be81dcd473,2017-03-31,2017-04-12,2017-04-18
20024e2ae61d,2017-04-15,2017-04-15,2017-04-18
228073944f82,2017-03-28,2017-04-12,2017-04-18
68e4b609f5bb,2017-04-07,2017-04-12,2017-04-18
3d5c9cdca8ff,2017-04-06,2017-04-12,2017-04-18
3f618a6c89b5,2017-04-09,2017-04-12,2017-04-18
1216dcea6790,2017-04-17,2017-04-17,2017-04-18
a5770b8433ca,2017-04-03,2017-04-12,2017-04-18
9ca570be39a0,2017-03-18,2017-04-12,2017-04-16
41dfebeb40d7,2017-03-17,2017-04-12,2017-04-16
0da820b947fa,2017-03-30,2017-04-12,2017-04-18
18761a7ea65a,2017-04-08,2017-04-12,2017-04-18
285b7b2bd0dc,2017-03-18,2017-04-12,2017-04-16
6b3617076e26,2017-04-04,2017-04-12,2017-04-18
2f7f25244cf9,2017-04-10,2017-04-12,2017-04-18
2f674fa16cab,2017-04-05,2017-04-12,2017-04-18
0576fecb031e,2017-03-29,2017-04-12,2017-04-18
30391ddfe992,2017-04-12,2017-04-12,2017-04-18
d0ff6fdc47f5,2017-04-11,2017-04-12,2017-04-18
99d845eb4aa7,2017-04-17,2017-04-17,2017-04-18
f4e0e3070b0c,2017-03-19,2017-04-12,2017-04-18
ae2cd827159d,2017-04-10,2017-04-12,2017-04-18
8d35394aa826,2017-03-27,2017-04-12,2017-04-18
ef648e64b644,2017-03-18,2017-04-12,2017-04-17
85f28bd4eb5e,2017-03-07,2017-04-12,2017-04-18
660124339d45,2017-03-19,2017-04-12,2017-04-17
1d1291037b2b,2017-03-28,2017-04-12,2017-04-18
060324a13416,2017-03-20,2017-04-12,2017-04-18
9ae5c3296ebe,2017-04-06,2017-04-12,2017-04-18
3c986325c139,2017-04-09,2017-04-12,2017-04-18
769d211d4f34,2017-03-19,2017-04-12,2017-04-18
3b201af8c2d6,2017-04-16,2017-04-16,2017-04-18
9fc81778f7ab,2017-04-11,2017-04-12,2017-04-16
567f2e38220d,2017-04-08,2017-04-12,2017-04-18
bfa381576f0c,2017-03-25,2017-04-12,2017-04-18
7d6c45c24891,2017-03-22,2017-04-12,2017-04-18
db81b9570a57,2017-03-31,2017-04-12,2017-04-18
cf835115c1b1,2017-03-14,2017-04-12,2017-04-13
8c20082034d6,2017-03-14,2017-04-12,2017-04-13
74ca7124522d,2017-04-02,2017-04-12,2017-04-18
df9062a5bf71,2017-04-15,2017-04-15,2017-04-18
cbf2044d44f9,2017-04-03,2017-04-12,2017-04-18
1989e811ee7a,2017-04-13,2017-04-13,2017-04-18
493c5cd4164f,2017-03-15,2017-04-12,2017-04-14
bdba29464fc3,2017-04-02,2017-04-12,2017-04-18
887d9148c412,2017-04-12,2017-04-12,2017-04-18
a4a0a540a678,2017-03-15,2017-04-12,2017-04-14
cbd10fcad022,2017-04-05,2017-04-12,2017-04-18
ae0e1c7ccb65,2017-04-14,2017-04-14,2017-04-18
607f9ab242ec,2017-04-09,2017-04-12,2017-04-18
c075fa1e1e67,2017-03-27,2017-04-12,2017-04-18
94cf4932f64a,2017-03-15,2017-04-12,2017-04-13
1cb57e256410,2017-04-14,2017-04-14,2017-04-18
4f08c09a9011,2017-04-09,2017-04-12,2017-04-12
98b0c8201cf7,2017-04-15,2017-04-15,2017-04-18
fedd9bca169b,2017-04-02,2017-04-12,2017-04-18
c3ef4fc335d1,2017-03-14,2017-04-12,2017-04-13
0c2ee64adc6d,2017-03-26,2017-04-12,2017-04-18
38e7331d6950,2017-04-17,2017-04-17,2017-04-18
20c9c16ab2af,2017-04-04,2017-04-12,2017-04-18
4873830e88c0,2017-03-26,2017-04-12,2017-04-18
0bb8cb42c683,2017-04-04,2017-04-12,2017-04-18
a86c3c760272,2017-03-16,2017-04-12,2017-04-15
6ae6f9a1fbd8,2017-04-03,2017-04-12,2017-04-18
9fe01fbd6e6c,2017-03-26,2017-04-12,2017-04-18
c0aff65a1b5b,2017-04-11,2017-04-12,2017-04-18
f2b7124a8d9c,2017-04-04,2017-04-12,2017-04-18
f12172353fba,2017-03-26,2017-04-12,2017-04-18
7249a4954767,2017-03-21,2017-04-12,2017-04-18
79ad0932b75f,2017-03-18,2017-04-12,2017-04-16
66aff4f51953,2017-03-18,2017-04-12,2017-04-17
617606a8c586,2017-03-20,2017-04-12,2017-04-18
c024d16050d6,2017-03-15,2017-04-12,2017-04-14
1257745b03c1,2017-04-10,2017-04-12,2017-04-18
61e0e25d5475,2017-04-14,2017-04-14,2017-04-18
906d3fa80787,2017-04-10,2017-04-12,2017-04-18
fac13378e6cd,2017-04-12,2017-04-12,2017-04-18
8b73db37b1ed,2017-04-06,2017-04-12,2017-04-18
9cea1f12786f,2017-03-16,2017-04-12,2017-04-15
c0df671b342e,2017-03-27,2017-04-12,2017-04-18
5ad5582a6c86,2017-03-28,2017-04-12,2017-04-18
5c0ac39d733e,2017-03-14,2017-04-12,2017-04-13
9b61208525f8,2017-03-21,2017-04-12,2017-04-18
dc75e443a221,2017-03-17,2017-04-12,2017-04-16
0ef3f35b2a8d,2017-04-16,2017-04-16,2017-04-18
a0bb7439a21c,2017-03-29,2017-04-12,2017-04-18
1bccf832c611,2017-04-13,2017-04-13,2017-04-18
2cbe1d2adfcf,2017-04-12,2017-04-12,2017-04-18
69ce57cd738b,2017-03-27,2017-04-12,2017-04-18
b9015e1a32ce,2017-03-31,2017-04-12,2017-04-18
e383e52703c5,2017-04-13,2017-04-13,2017-04-18
e36b82600e2b,2017-03-22,2017-04-12,2017-04-18
26dbd16dbb87,2017-03-21,2017-04-12,2017-04-18
38b8cadffdba,2017-04-09,2017-04-12,2017-04-14
64076d2436ec,2017-03-30,2017-04-12,2017-04-18
f67d1fb054dc,2017-03-16,2017-04-12,2017-04-15
a3eafb0413c7,2017-03-24,2017-04-12,2017-04-18
ceaf1a5007c7,2017-04-10,2017-04-12,2017-04-18
bde013671ffa,2017-04-09,2017-04-12,2017-04-18
7b39669fac60,2017-03-23,2017-04-12,2017-04-18
afbdafecba00,2017-04-16,2017-04-16,2017-04-18
275dc706b77f,2017-03-27,2017-04-12,2017-04-18
74801e569a3e,2017-04-03,2017-04-12,2017-04-18
dd292ac9be40,2017-04-08,2017-04-12,2017-04-18
855367f5b04c,2017-03-22,2017-04-12,2017-04-18
fe315d228e00,2017-03-26,2017-04-12,2017-04-18
986c666e6c57,2017-04-05,2017-04-12,2017-04-18
e62cc236f2a4,2017-04-02,2017-04-12,2017-04-18
baab83982042,2017-04-14,2017-04-14,2017-04-18
0d60c2ed2327,2017-03-30,2017-04-12,2017-04-18
2a9067e9eb72,2017-04-07,2017-04-12,2017-04-18
61d7c4e7a2ce,2017-04-12,2017-04-12,2017-04-18
dba5a7248f2b,2017-04-10,2017-04-12,2017-04-18
2cd489ecfdf6,2017-03-20,2017-04-12,2017-04-18
bf647b1a8c34,2017-03-22,2017-04-12,2017-04-18
145fa3c8b8e2,2017-04-11,2017-04-12,2017-04-18
2b1f9ffd5855,2017-03-26,2017-04-12,2017-04-18
fcede350bf5c,2017-03-13,2017-04-12,2017-04-12
00f3f40b135f,2017-03-30,2017-04-12,2017-04-18
41c7edb47e65,2017-03-29,2017-04-12,2017-04-18
daa0e2e5252d,2017-04-10,2017-04-12,2017-04-18
f2c51cea8090,2017-04-11,2017-04-12,2017-04-18
b0f520549de4,2017-04-09,2017-04-12,2017-04-18
69c645208ff5,2017-04-14,2017-04-14,2017-04-18
c714376ec7db,2017-03-23,2017-04-12,2017-04-18
cebd6bc03b2b,2017-03-28,2017-04-12,2017-04-18
adf7cc68ecf8,2017-04-17,2017-04-17,2017-04-18
d994235b2118,2017-04-13,2017-04-13,2017-04-18
3235de613b7d,2017-04-06,2017-04-12,2017-04-18
8588d5207d29,2017-03-28,2017-04-12,2017-04-18
ec3a95e61da2,2017-03-24,2017-04-12,2017-04-18
82dae7d66fa6,2017-04-01,2017-04-12,2017-04-18
a469c29450f4,2017-04-10,2017-04-12,2017-04-18
9719d7490935,2017-04-10,2017-04-12,2017-04-18
91a51ab38db3,2017-04-17,2017-04-17,2017-04-18
4c0895f5dc81,2017-03-15,2017-04-12,2017-04-14
9dd7d3889aa0,2017-03-22,2017-04-12,2017-04-18
1c8f82586cd3,2017-03-28,2017-04-12,2017-04-18
4d0c4b605719,2017-03-27,2017-04-12,2017-04-18
4ef907f583cc,2017-03-18,2017-04-12,2017-04-16
ec01b43556dd,2017-04-16,2017-04-16,2017-04-18
6d7c9ab0658b,2017-03-31,2017-04-12,2017-04-18
c95bdb7a3b75,2017-04-03,2017-04-12,2017-04-18
e579e0c3fe1a,2017-04-07,2017-04-12,2017-04-18
4a390b1470d2,2017-03-24,2017-04-12,2017-04-18
e869c052a3b2,2017-03-31,2017-04-12,2017-04-18
8cc83b7a10c0,2017-03-20,2017-04-12,2017-04-18
96690e07e93a,2017-04-13,2017-04-13,2017-04-18
bf3f95ffb67f,2017-04-08,2017-04-12,2017-04-18
cfe91566d2cf,2017-04-10,2017-04-12,2017-04-18
2a1061ea2e8c,2017-03-22,2017-04-12,2017-04-18
a5ad21198ae3,2017-03-13,2017-04-12,2017-04-12
d210fc797d53,2017-04-12,2017-04-12,2017-04-18
406b4d39ef3e,2017-04-17,2017-04-17,2017-04-18
9f596a139d81,2017-04-16,2017-04-16,2017-04-18
a05dcbb835e8,2017-04-16,2017-04-16,2017-04-18
a38ca55de9a6,2017-03-26,2017-04-12,2017-04-18
7537afade5ce,2017-04-15,2017-04-15,2017-04-18
277d355d931c,2017-03-23,2017-04-12,2017-04-18
f721ce561792,2017-03-30,2017-04-12,2017-04-18
eb0ba80892ef,2017-04-09,2017-04-12,2017-04-18
5fb0f821efbf,2017-04-02,2017-04-12,2017-04-18
0cc088416dc0,2017-03-14,2017-04-12,2017-04-13
2c30e0105621,2017-04-07,2017-04-12,2017-04-18
84d2167cdd83,2017-04-03,2017-04-12,2017-04-18
48f63c1de239,2017-04-16,2017-04-16,2017-04-18
de8412a54636,2017-03-17,2017-04-12,2017-04-16
b7128c26a857,2017-03-14,2017-04-12,2017-04-13
747fd77da204,2017-03-21,2017-04-12,2017-04-18
4053e4ba4520,2017-03-18,2017-04-12,2017-04-17
abaafd3c2856,2017-04-01,2017-04-12,2017-04-18
b2f5f223b961,2017-04-11,2017-04-12,2017-04-18
995634241603,2017-04-10,2017-04-12,2017-04-18
0545eaf24823,2017-04-07,2017-04-12,2017-04-18
6a4f5e4c1238,2017-03-22,2017-04-12,2017-04-18
34d183c27d05,2017-04-08,2017-04-12,2017-04-18
b73158ab9300,2017-03-26,2017-04-12,2017-04-18
b42b7ad69b90,2017-04-01,2017-04-12,2017-04-18
1e2ac2b2e52d,2017-04-11,2017-04-12,2017-04-18
3866129c9862,2017-04-06,2017-04-12,2017-04-18
c18c298e2976,2017-04-02,2017-04-12,2017-04-18
930174b78372,2017-04-15,2017-04-15,2017-04-16
ce6d88cbdc21,2017-03-20,2017-04-12,2017-04-18
d7052d52d514,2017-03-21,2017-04-12,2017-04-18
eb2e21670c88,2017-04-10,2017-04-12,2017-04-18
0476b2dbd430,2017-03-16,2017-04-12,2017-04-15
903acc1fed9a,2017-04-08,2017-04-12,2017-04-18
091ec1645e96,2017-03-15,2017-04-12,2017-04-14
76c3a7abbbac,2017-04-03,2017-04-12,2017-04-18
187196b39a0c,2017-04-14,2017-04-14,2017-04-18
c7d70be264bb,2017-03-25,2017-04-12,2017-04-18
8b274641b2b6,2017-04-08,2017-04-12,2017-04-18
d6fbdd660635,2017-03-27,2017-04-12,2017-04-18
aaa10ebae449,2017-04-14,2017-04-14,2017-04-18
4e859c1944ad,2017-03-30,2017-04-12,2017-04-18
3ca24c7d8110,2017-03-22,2017-04-12,2017-04-18
1a6617552335,2017-03-26,2017-04-12,2017-04-18
04712a30790e,2017-03-28,2017-04-12,2017-04-18
09ad4b03ba0c,2017-03-23,2017-04-12,2017-04-18
2c0b11154fa7,2017-04-12,2017-04-12,2017-04-18
d5a64f69e7ab,2017-03-19,2017-04-12,2017-04-18
06a3d2a3674e,2017-04-13,2017-04-14,2017-04-18
c9bb6179a56b,2017-03-26,2017-04-12,2017-04-18
127105b1b70a,2017-04-05,2017-04-12,2017-04-18
592c6d4da0f2,2017-04-15,2017-04-15,2017-04-18
409ffd8c7308,2017-03-25,2017-04-12,2017-04-18
3e895a87e845,2017-03-13,2017-04-12,2017-04-12
bfed45a1613d,2017-04-03,2017-04-12,2017-04-18
b514cae5d8ac,2017-03-18,2017-04-12,2017-04-16
2186385c738b,2017-03-29,2017-04-12,2017-04-18
87e2e390ad8f,2017-04-12,2017-04-12,2017-04-18
ee02a8c65f0e,2017-03-31,2017-04-12,2017-04-18
509dc4127ecb,2017-04-02,2017-04-12,2017-04-18
2820f3d6c78b,2017-03-25,2017-04-12,2017-04-18
f63e51cb486c,2017-03-26,2017-04-12,2017-04-18
ed348fef7dc7,2017-03-28,2017-04-12,2017-04-18
ccad090b30fe,2017-04-05,2017-04-12,2017-04-18
29296f8e5383,2017-03-21,2017-04-12,2017-04-18
3d11ac71077d,2017-04-09,2017-04-12,2017-04-18
812309908d6b,2017-03-17,2017-04-12,2017-04-16
6b0fbf7b4277,2017-04-07,2017-04-12,2017-04-18
530b71fffdfb,2017-04-13,2017-04-13,2017-04-18
5c10bac43a50,2017-04-18,2017-04-18,2017-04-18
c13d30eaa64f,2017-03-15,2017-04-12,2017-04-14
9d8e4d062b30,2017-04-16,2017-04-16,2017-04-18
b556715047e9,2017-03-21,2017-04-12,2017-04-18
6aa3f1344c2d,2017-04-03,2017-04-12,2017-04-18
e4d266a93693,2017-04-11,2017-04-12,2017-04-18
421c8e74244f,2017-04-05,2017-04-12,2017-04-18
588f327ac96b,2017-04-01,2017-04-12,2017-04-18
85e35480509a,2017-03-15,2017-04-12,2017-04-14
45c962118fae,2017-04-12,2017-04-12,2017-04-18
4831e277879f,2017-03-30,2017-04-12,2017-04-18
8d60e3867250,2017-03-23,2017-04-12,2017-04-18
2e4e8a96efed,2017-03-29,2017-04-12,2017-04-18
24db222a7c31,2017-03-14,2017-04-12,2017-04-12
1b8f2a3203af,2017-03-14,2017-04-12,2017-04-13
0065dd361be7,2017-03-20,2017-04-12,2017-04-18
a35ac66d6d3c,2017-04-10,2017-04-12,2017-04-18
c69ef663b64e,2017-03-18,2017-04-12,2017-04-16
7bd4a0766b65,2017-04-17,2017-04-17,2017-04-18
0c9a96ffad43,2017-04-15,2017-04-15,2017-04-18
a12947388b00,2017-04-05,2017-04-12,2017-04-18
32846b99d3e1,2017-04-02,2017-04-12,2017-04-18
7f0e339385f0,2017-04-01,2017-04-12,2017-04-18
d8a230836de8,2017-04-08,2017-04-12,2017-04-18
29525457b7a7,2017-03-21,2017-04-12,2017-04-18
34cd5428844d,2017-04-06,2017-04-12,2017-04-18
772d5c7effc7,2017-03-28,2017-04-12,2017-04-18
16ac897c7252,2017-03-25,2017-04-12,2017-04-18
2a5bf9b3ae5c,2017-03-27,2017-04-12,2017-04-18
49b20cfd7c7d,2017-04-11,2017-04-12,2017-04-18
aafcf6eeb2e4,2017-04-06,2017-04-12,2017-04-18
420d8678d82f,2017-03-14,2017-04-12,2017-04-12
64e688fbc966,2017-04-08,2017-04-12,2017-04-18
5d13c550a713,2017-04-03,2017-04-12,2017-04-18
6a465d0e663a,2017-03-31,2017-04-12,2017-04-14
82bf3c633576,2017-04-06,2017-04-12,2017-04-18
611689be78db,2017-04-03,2017-04-12,2017-04-18
7b4ed6db4d9b,2017-04-01,2017-04-12,2017-04-18
7339123ee8b6,2017-03-21,2017-04-12,2017-04-18
3b90a51cb4ea,2017-04-18,2017-04-18,2017-04-18
a7a770174805,2017-03-26,2017-04-12,2017-04-18
06ee34d5f894,2017-03-22,2017-04-12,2017-04-18
2186a84cad3e,2017-03-19,2017-04-12,2017-04-18
63525c119771,2017-04-06,2017-04-12,2017-04-18
0f2cfb5f5c98,2017-04-03,2017-04-12,2017-04-18
227344aabf50,2017-04-09,2017-04-12,2017-04-18
58b5696c5b5d,2017-04-01,2017-04-12,2017-04-18
8d779b6349e9,2017-04-16,2017-04-16,2017-04-18
f4175fa6ac71,2017-03-26,2017-04-12,2017-04-18
f2108723b253,2017-04-03,2017-04-12,2017-04-18
0bb4f995e0e6,2017-04-02,2017-04-12,2017-04-18
7bb13aaa8041,2017-04-15,2017-04-15,2017-04-18
b5232b664876,2017-04-16,2017-04-16,2017-04-18
0ea8ce33a9aa,2017-04-01,2017-04-12,2017-04-18
6e40e621d0cd,2017-04-02,2017-04-12,2017-04-18
a2892e5d915a,2017-03-19,2017-04-12,2017-04-17
c96ffced71b2,2017-04-03,2017-04-12,2017-04-18
8274e51e0d5a,2017-04-03,2017-04-12,2017-04-18
128f4cf969bf,2017-03-24,2017-04-12,2017-04-18
5bc8a2d06e65,2017-03-24,2017-04-12,2017-04-18
494f42a1be38,2017-04-11,2017-04-12,2017-04-18
68f9d79e2a71,2017-04-07,2017-04-12,2017-04-18
2c1f6cc583fe,2017-03-14,2017-04-12,2017-04-13
2ad9e3b20bb2,2017-04-12,2017-04-12,2017-04-18
183b2ea7befc,2017-03-30,2017-04-12,2017-04-18
068190077936,2017-04-11,2017-04-12,2017-04-17
25d50bf2674a,2017-04-03,2017-04-12,2017-04-18
3089938b62e5,2017-04-01,2017-04-12,2017-04-18
af9a6917b81b,2017-03-24,2017-04-12,2017-04-18
8d1af3a9725b,2017-03-22,2017-04-12,2017-04-18
295943b4a773,2017-03-15,2017-04-12,2017-04-14
46dfbb037358,2017-03-23,2017-04-12,2017-04-18
f11f1ea44942,2017-03-14,2017-04-12,2017-04-13
efdcd665f87f,2017-04-07,2017-04-12,2017-04-18
83cbfd285c32,2017-04-11,2017-04-12,2017-04-18
43267d3804c1,2017-03-29,2017-04-12,2017-04-18
229448516491,2017-03-30,2017-04-12,2017-04-18
9fa5d74baba0,2017-03-28,2017-04-12,2017-04-18
dce68760ee77,2017-03-22,2017-04-12,2017-04-18
90e0cb9eead0,2017-04-03,2017-04-12,2017-04-18
6821cc4f0584,2017-03-14,2017-04-12,2017-04-13
d70ee6473b8e,2017-03-12,2017-04-12,2017-04-14
b2bd6a0c928b,2017-03-21,2017-04-12,2017-04-18
6e6ae81846ea,2017-03-17,2017-04-12,2017-04-16
e9ad37a70314,2017-04-16,2017-04-16,2017-04-18
c2a5e0658f9b,2017-03-17,2017-04-12,2017-04-16
c5afd265520a,2017-03-21,2017-04-12,2017-04-18
4d0346fc26c0,2017-03-17,2017-04-12,2017-04-16
449328948040,2017-03-14,2017-04-12,2017-04-14
e103971a3f4e,2017-04-12,2017-04-12,2017-04-18
f55237918410,2017-04-02,2017-04-12,2017-04-18
290f5f5d6f45,2017-04-17,2017-04-17,2017-04-18
fe07202493c9,2017-04-05,2017-04-12,2017-04-18
84e223c114ff,2017-04-14,2017-04-14,2017-04-18
c8f06d71221f,2017-03-28,2017-04-12,2017-04-18
fba924f270f7,2017-03-27,2017-04-12,2017-04-18
795d659e7d49,2017-03-22,2017-04-12,2017-04-18
ac3e2bb41a65,2017-04-11,2017-04-12,2017-04-18
6f4bdbef328f,2017-03-28,2017-04-12,2017-04-18
fd41f2000420,2017-04-11,2017-04-12,2017-04-18
63af2eabab1d,2017-04-02,2017-04-12,2017-04-18
a5332e47e2ab,2017-04-05,2017-04-12,2017-04-18
9f6e9070e41c,2017-04-11,2017-04-12,2017-04-18
5e0c193cfc4d,2017-03-29,2017-04-12,2017-04-18
72fb3d63e4ab,2017-03-30,2017-04-12,2017-04-18
ae2baf739565,2017-04-03,2017-04-12,2017-04-18
004f9542745e,2017-04-02,2017-04-12,2017-04-18
6a0db9c84781,2017-03-21,2017-04-12,2017-04-18
577f2e44aa3e,2017-04-06,2017-04-12,2017-04-18
124329324ff0,2017-03-27,2017-04-12,2017-04-18
6a00514010f3,2017-04-07,2017-04-12,2017-04-18
eab6ea1b3db5,2017-04-16,2017-04-16,2017-04-17
e2c6d7c6a963,2017-03-29,2017-04-12,2017-04-18
893b93dd3e95,2017-04-11,2017-04-12,2017-04-18
655257baeba7,2017-03-19,2017-04-12,2017-04-18
2614c104fcf4,2017-04-17,2017-04-17,2017-04-18
ffa0bb0dc4d9,2017-04-04,2017-04-12,2017-04-18
b6f1fecceed0,2017-04-11,2017-04-12,2017-04-18
8b46ffbca9bf,2017-03-30,2017-04-12,2017-04-18
97a502f19b69,2017-04-11,2017-04-12,2017-04-15
e5be245e2e14,2017-04-03,2017-04-12,2017-04-18
30a542ba1666,2017-04-13,2017-04-13,2017-04-18
ee31926e428f,2017-03-27,2017-04-12,2017-04-18
4f1be195ca2b,2017-03-27,2017-04-12,2017-04-18
bc8852b10e13,2017-04-16,2017-04-16,2017-04-18
9efb2e934d4c,2017-03-30,2017-04-12,2017-04-18
fef918efc3bd,2017-04-17,2017-04-17,2017-04-18
b0ff2f1defed,2017-04-10,2017-04-12,2017-04-18
e85591ff2a19,2017-03-20,2017-04-12,2017-04-18
66589affc667,2017-04-11,2017-04-12,2017-04-18
df9b67d495b4,2017-03-16,2017-04-12,2017-04-15
541095573d6b,2017-04-10,2017-04-12,2017-04-18
ea8451423ee7,2017-04-17,2017-04-17,2017-04-18
a09c4ed66e5d,2017-04-14,2017-04-14,2017-04-18
bcdd1c58e747,2017-03-27,2017-04-12,2017-04-18
4e7fafab0c64,2017-04-02,2017-04-12,2017-04-18
eff65b60db55,2017-04-07,2017-04-12,2017-04-18
eab3ffc001c1,2017-04-17,2017-04-17,2017-04-18
1f3d6daf7d14,2017-04-15,2017-04-15,2017-04-18
1f41b7bd6f7d,2017-03-23,2017-04-12,2017-04-18
41934a5b9804,2017-03-14,2017-04-12,2017-04-13
bf1f1eb2ba84,2017-03-27,2017-04-12,2017-04-18
992642424405,2017-04-04,2017-04-12,2017-04-18
4ba81ea73060,2017-04-07,2017-04-12,2017-04-18
ac13748dee2d,2017-03-24,2017-04-12,2017-04-18
fd44cd00617d,2017-03-23,2017-04-12,2017-04-18
596960c37d74,2017-03-30,2017-04-12,2017-04-18
40a3f4e3f60b,2017-04-13,2017-04-13,2017-04-18
498ed733e222,2017-03-20,2017-04-12,2017-04-18
7d532cecc022,2017-04-02,2017-04-12,2017-04-15
f3a0836d50e6,2017-04-05,2017-04-12,2017-04-18
86e1e264ed36,2017-03-24,2017-04-12,2017-04-18
215ced80f13a,2017-03-29,2017-04-12,2017-04-18
f1358a6149b4,2017-03-29,2017-04-12,2017-04-18
2baaec97f96d,2017-03-29,2017-04-12,2017-04-18
fbabaac1668f,2017-04-13,2017-04-13,2017-04-18
376f41d5cf09,2017-04-15,2017-04-15,2017-04-18
f6e6c04749a5,2017-04-03,2017-04-12,2017-04-18
3f6d55ed4d18,2017-04-01,2017-04-12,2017-04-18
c6e4d5a65b16,2017-04-03,2017-04-12,2017-04-18
862bb46cee80,2017-04-12,2017-04-12,2017-04-18
4af951db5c51,2017-03-22,2017-04-12,2017-04-18
3d43215ffd9e,2017-03-19,2017-04-12,2017-04-18
9d39cd7d6e89,2017-04-01,2017-04-12,2017-04-18
e37a03a57e5a,2017-03-18,2017-04-12,2017-04-17
b8787d1ee065,2017-04-02,2017-04-12,2017-04-18
d1481363745b,2017-04-16,2017-04-16,2017-04-18
4235a6a08579,2017-03-30,2017-04-12,2017-04-18
a4a2a1557d91,2017-04-02,2017-04-12,2017-04-18
088487eeb266,2017-03-19,2017-04-12,2017-04-17
a5f5db14ddfa,2017-04-02,2017-04-12,2017-04-18
f6c1a4b89af3,2017-04-10,2017-04-12,2017-04-18
e81ee71c8e9d,2017-04-03,2017-04-12,2017-04-18
f0966a84d7da,2017-03-24,2017-04-12,2017-04-18
5c4fce40432d,2017-03-28,2017-04-12,2017-04-18
535fc72929e9,2017-03-25,2017-04-12,2017-04-18
06737f4f7c8a,2017-04-16,2017-04-16,2017-04-18
f6e06b08d02c,2017-03-30,2017-04-12,2017-04-18
e96d67ef5a81,2017-04-10,2017-04-12,2017-04-18
2e14dc18179b,2017-04-01,2017-04-12,2017-04-18
359b85691a06,2017-03-18,2017-04-12,2017-04-17
92a52eda5a4a,2017-04-14,2017-04-14,2017-04-18
87d1510febef,2017-03-24,2017-04-12,2017-04-18
2ed0cb7a8725,2017-04-13,2017-04-13,2017-04-18
c7de0644961c,2017-04-14,2017-04-14,2017-04-18
3b1851f75fb6,2017-03-21,2017-04-12,2017-04-18
42ef12862e13,2017-03-29,2017-04-12,2017-04-18
d8272c67d6d6,2017-04-11,2017-04-12,2017-04-18
d2d0d562462d,2017-03-13,2017-04-12,2017-04-12
dbd5a0ebfe93,2017-04-13,2017-04-13,2017-04-18
063027c6d2c6,2017-03-21,2017-04-12,2017-04-18
e5ba367be0ee,2017-03-18,2017-04-12,2017-04-17
1bc52ae26307,2017-04-16,2017-04-16,2017-04-18
f5f4d618fb59,2017-04-08,2017-04-12,2017-04-18
ddbbcce0baed,2017-03-13,2017-04-12,2017-04-12
62acbdb44e59,2017-04-13,2017-04-13,2017-04-18
66beaf8787ee,2017-04-16,2017-04-16,2017-04-18
cf4570f633bb,2017-03-15,2017-04-12,2017-04-14
0819c377b580,2017-04-10,2017-04-12,2017-04-13
4b2d00080eca,2017-04-14,2017-04-14,2017-04-18
048c12b8861b,2017-04-14,2017-04-14,2017-04-18
43099afb7476,2017-04-02,2017-04-12,2017-04-18
3c1e9743d16d,2017-04-10,2017-04-12,2017-04-18
d96a90641785,2017-04-09,2017-04-12,2017-04-18
1dfbb29ba0b9,2017-04-08,2017-04-12,2017-04-18
920685292704,2017-04-10,2017-04-12,2017-04-15
83244727648f,2017-03-31,2017-04-12,2017-04-18
c3842ed40cc1,2017-03-31,2017-04-12,2017-04-18
8c2a3c351484,2017-04-07,2017-04-12,2017-04-18
bc14cb8bd52a,2017-04-07,2017-04-12,2017-04-18
d382befe9d3e,2017-04-14,2017-04-14,2017-04-18
de7e43b33dcb,2017-03-22,2017-04-12,2017-04-18
9ad964111d02,2017-04-16,2017-04-16,2017-04-18
e9f29927cfef,2017-03-15,2017-04-12,2017-04-13
8b37f6e3cf7f,2017-04-01,2017-04-12,2017-04-18
ea116694a7f9,2017-03-25,2017-04-12,2017-04-18
6dbd82e95939,2017-03-24,2017-04-12,2017-04-18
5a6e5fccf1c9,2017-03-17,2017-04-12,2017-04-15
655c9dbb82d9,2017-03-20,2017-04-12,2017-04-18
4789fdc775b5,2017-03-26,2017-04-12,2017-04-18
83c8af773fd0,2017-04-10,2017-04-12,2017-04-18
66d0821435d0,2017-03-27,2017-04-12,2017-04-18
5cbdf1c912d9,2017-04-05,2017-04-12,2017-04-18
e15cc6d5e414,2017-04-13,2017-04-13,2017-04-17
ffb3c3075951,2017-03-13,2017-04-12,2017-04-12
e3ad27f5553a,2017-03-24,2017-04-12,2017-04-18
08228998d686,2017-04-12,2017-04-12,2017-04-18
06a4ce5e232b,2017-04-06,2017-04-12,2017-04-18
13b7248bd8b5,2017-03-15,2017-04-12,2017-04-14
12ef9369e7b2,2017-04-13,2017-04-13,2017-04-18
fef5ca34b4de,2017-04-17,2017-04-17,2017-04-18
6e97b6c9bad1,2017-04-05,2017-04-12,2017-04-18
d882dd5915e8,2017-04-18,2017-04-18,2017-04-18
a6ddbf616c3c,2017-03-22,2017-04-12,2017-04-18
8422313a73f8,2017-03-29,2017-04-12,2017-04-18
dccb1093a8b5,2017-03-20,2017-04-12,2017-04-18
cfa902a9fbd3,2017-04-05,2017-04-12,2017-04-18
c5725ee21199,2017-04-10,2017-04-12,2017-04-18
038cd02d038d,2017-03-19,2017-04-12,2017-04-17
08c7e3b5e63e,2017-03-21,2017-04-12,2017-04-18
eddf78e733fe,2017-03-14,2017-04-12,2017-04-13
7f2a8450d40c,2017-03-29,2017-04-12,2017-04-18
ddd39d7b5c27,2017-03-29,2017-04-12,2017-04-18
caf065510197,2017-03-16,2017-04-12,2017-04-14
370bda49bd32,2017-04-08,2017-04-12,2017-04-18
1ce7b06c54a3,2017-04-01,2017-04-12,2017-04-18
088f2ccc7847,2017-04-11,2017-04-12,2017-04-13
9479f14336fd,2017-04-11,2017-04-12,2017-04-18
174ba7f97eff,2017-03-28,2017-04-12,2017-04-18
8f65f1eba4e2,2017-04-14,2017-04-14,2017-04-18
d774d4b00010,2017-04-10,2017-04-12,2017-04-18
5166eaf55c4a,2017-04-17,2017-04-17,2017-04-18
ca0c2fe7e284,2017-04-03,2017-04-12,2017-04-18
ed569767fb5f,2017-04-01,2017-04-12,2017-04-18
736e65182d28,2017-04-13,2017-04-13,2017-04-18
2baea63cc511,2017-04-18,2017-04-18,2017-04-18
94da9d26aa22,2017-04-07,2017-04-12,2017-04-18
77969b891d4c,2017-03-17,2017-04-12,2017-04-16
b16423069e39,2017-03-28,2017-04-12,2017-04-18
7bc8686fab61,2017-03-16,2017-04-12,2017-04-14
17b7472112d9,2017-04-01,2017-04-12,2017-04-18
0347667107c4,2017-03-14,2017-04-12,2017-04-13
a416e011b021,2017-04-03,2017-04-12,2017-04-18
c00ed4bb4537,2017-03-30,2017-04-12,2017-04-18
143a5f789e5a,2017-03-15,2017-04-12,2017-04-14
5c8587bb8fb0,2017-04-13,2017-04-13,2017-04-18
a4216af828cd,2017-04-16,2017-04-16,2017-04-18
8e10624aa036,2017-04-13,2017-04-13,2017-04-17
cf6e7db82c3e,2017-04-15,2017-04-15,2017-04-18
705865bbb1b3,2017-03-15,2017-04-12,2017-04-13
7ae6eb15c11c,2017-04-12,2017-04-12,2017-04-18
cd3d46ac0165,2017-04-08,2017-04-12,2017-04-18
80c91046e68f,2017-04-13,2017-04-13,2017-04-14
a68b9aea1329,2017-03-23,2017-04-12,2017-04-18
a96544aef8b8,2017-04-09,2017-04-12,2017-04-18
0e1278c30342,2017-04-07,2017-04-12,2017-04-18
17e5d262c6a5,2017-03-31,2017-04-12,2017-04-18
d979a35e27b3,2017-04-10,2017-04-12,2017-04-18
76d5d2fe193b,2017-04-09,2017-04-12,2017-04-18
834cbe89da74,2017-04-05,2017-04-12,2017-04-18
7422edd89c4b,2017-04-09,2017-04-12,2017-04-18
fbf59a96c01f,2017-04-12,2017-04-12,2017-04-18
c805ff346d9f,2017-04-05,2017-04-12,2017-04-18
3e408b12228a,2017-04-10,2017-04-12,2017-04-18
fcbc12024e21,2017-03-21,2017-04-12,2017-04-18
773e2635b960,2017-03-14,2017-04-12,2017-04-12
5b7417374469,2017-03-19,2017-04-12,2017-04-16
cb4d0104dd5e,2017-04-17,2017-04-17,2017-04-18
7563b9c16fc5,2017-04-12,2017-04-12,2017-04-18
d432361a1aed,2017-03-25,2017-04-12,2017-04-18
c4a4e30f090e,2017-03-13,2017-04-12,2017-04-12
a4a647bdfcfc,2017-03-28,2017-04-12,2017-04-18
0621c783754d,2017-04-01,2017-04-12,2017-04-18
866f37ff9066,2017-03-16,2017-04-12,2017-04-15
2d15c180d55f,2017-03-20,2017-04-12,2017-04-18
e1503db383ce,2017-03-21,2017-04-12,2017-04-18
c10f9584aa21,2017-04-05,2017-04-12,2017-04-18
3ce9d716ee9b,2017-04-03,2017-04-12,2017-04-18
37035d4a4d74,2017-03-15,2017-04-12,2017-04-14
dc5762232435,2017-04-17,2017-04-17,2017-04-18
765d4c4a8202,2017-04-06,2017-04-12,2017-04-18
f3d11df08085,2017-04-17,2017-04-17,2017-04-18
4454da253995,2017-03-30,2017-04-12,2017-04-18
4fe6f4d7921a,2017-03-26,2017-04-12,2017-04-18
d27c65cec1f9,2017-04-14,2017-04-14,2017-04-18
f53879dfda4a,2017-04-05,2017-04-12,2017-04-18
fc0f421f39f6,2017-04-16,2017-04-16,2017-04-18
166996befd2f,2017-03-28,2017-04-12,2017-04-18
97595096be3c,2017-04-13,2017-04-13,2017-04-17
975645b21334,2017-03-29,2017-04-12,2017-04-18
722724320b6b,2017-04-15,2017-04-15,2017-04-18
6bef1b341b44,2017-03-31,2017-04-12,2017-04-18
1e9934a83dd2,2017-03-21,2017-04-12,2017-04-18
ad1fcfd7464a,2017-04-06,2017-04-12,2017-04-18
ecc0c3aaac32,2017-04-05,2017-04-12,2017-04-18
d7e8e02523d6,2017-04-03,2017-04-12,2017-04-18
b9657d403439,2017-04-04,2017-04-12,2017-04-18
90b62ae8edff,2017-03-30,2017-04-12,2017-04-18
44c7feb1d261,2017-04-08,2017-04-12,2017-04-18
3608b7b434a8,2017-04-15,2017-04-15,2017-04-18
3bc8dd032f52,2017-04-13,2017-04-13,2017-04-18
4f1d431c14eb,2017-03-23,2017-04-12,2017-04-18
058e07b3e605,2017-03-17,2017-04-12,2017-04-16
07f468e14b73,2017-03-26,2017-04-12,2017-04-18
4fe03aa50197,2017-04-01,2017-04-12,2017-04-18
49c892848e3b,2017-04-17,2017-04-17,2017-04-18
94255f8724bd,2017-03-14,2017-04-12,2017-04-12
fae8bffd6448,2017-03-22,2017-04-12,2017-04-18
cd3dac49462c,2017-03-27,2017-04-12,2017-04-18
1d46043fb1d9,2017-03-15,2017-04-12,2017-04-13
f242bf6577ac,2017-03-25,2017-04-12,2017-04-18
e11fc3f01f72,2017-03-24,2017-04-12,2017-04-18
89bcd47c6d06,2017-04-13,2017-04-13,2017-04-18
e02215b76af9,2017-03-20,2017-04-12,2017-04-18
b747da75ea08,2017-03-19,2017-04-12,2017-04-18
d173a9ea5398,2017-03-17,2017-04-12,2017-04-16
9815da14c293,2017-04-12,2017-04-12,2017-04-18
3f4ff95e824a,2017-04-10,2017-04-12,2017-04-18
89a64becc3d1,2017-04-12,2017-04-12,2017-04-18
6fa087fc3fbd,2017-03-16,2017-04-12,2017-04-15
2c63df16784c,2017-03-23,2017-04-12,2017-04-18
99e9efcb5894,2017-04-17,2017-04-17,2017-04-18
813352eca4dd,2017-03-28,2017-04-12,2017-04-18
6270a87dc8b0,2017-04-16,2017-04-16,2017-04-18
a9d78edfbe57,2017-04-09,2017-04-12,2017-04-18
1dfafcd92665,2017-04-11,2017-04-12,2017-04-18
26640a09641f,2017-04-13,2017-04-13,2017-04-18
9369d01d9af9,2017-03-23,2017-04-12,2017-04-18
8fa28be371c0,2017-04-09,2017-04-12,2017-04-18
11519555126c,2017-03-26,2017-04-12,2017-04-18
4d8e733b6726,2017-03-26,2017-04-12,2017-04-18
2c4cafdc9775,2017-04-08,2017-04-12,2017-04-18
9e9862b724c0,2017-03-22,2017-04-12,2017-04-18
a0f9becdfb6e,2017-03-26,2017-04-12,2017-04-18
faf8dbad36a9,2017-03-14,2017-04-12,2017-04-13
6a8597a6ea8c,2017-04-10,2017-04-12,2017-04-18
7ffe0c7b27e4,2017-04-11,2017-04-12,2017-04-18
4023605b6d37,2017-04-10,2017-04-12,2017-04-14
4c8482a4a84a,2017-04-12,2017-04-12,2017-04-18
392a3b05b322,2017-03-19,2017-04-12,2017-04-18
17d9131d20b5,2017-03-17,2017-04-12,2017-04-16
3232a829a2b8,2017-03-30,2017-04-12,2017-04-18
121583bb5e91,2017-03-14,2017-04-12,2017-04-13
070a86e11ef4,2017-04-14,2017-04-14,2017-04-18
d2fde86b103f,2017-03-17,2017-04-12,2017-04-16
2bac4a737e59,2017-04-09,2017-04-12,2017-04-18
18c13f667fdf,2017-03-13,2017-04-12,2017-04-12
4697bcddf77a,2017-04-02,2017-04-12,2017-04-18
066fd49e94d5,2017-04-08,2017-04-12,2017-04-18
88a5505baca8,2017-04-09,2017-04-12,2017-04-16
031be93879ac,2017-03-27,2017-04-12,2017-04-18
373f83084701,2017-03-15,2017-04-12,2017-04-14
e2675573fa55,2017-03-28,2017-04-12,2017-04-18
56e606187c31,2017-04-10,2017-04-12,2017-04-18
d19cbb3baefb,2017-03-17,2017-04-12,2017-04-16
b5e02ab73058,2017-04-03,2017-04-12,2017-04-18
660f95e69fbf,2017-03-25,2017-04-12,2017-04-18
bea66708923c,2017-04-06,2017-04-12,2017-04-18
2d29e3a51be5,2017-03-19,2017-04-12,2017-04-17
0109c992c05f,2017-03-30,2017-04-12,2017-04-18
4019afac9b2f,2017-03-16,2017-04-12,2017-04-15
0956618ccbd1,2017-04-01,2017-04-12,2017-04-18
81ac7be5c60e,2017-03-16,2017-04-12,2017-04-15
0c8c4d7bc54c,2017-03-27,2017-04-12,2017-04-12
2591ea9013b8,2017-03-23,2017-04-12,2017-04-18
3a09caa47c4c,2017-04-16,2017-04-16,2017-04-18
b9b1e4709007,2017-03-30,2017-04-12,2017-04-18
14fe92dec44a,2017-04-08,2017-04-12,2017-04-18
132eb45cb747,2017-03-19,2017-04-12,2017-04-18
e02c7aa51551,2017-03-24,2017-04-12,2017-04-18
df17bfa37085,2017-04-01,2017-04-12,2017-04-18
c26ebc90e861,2017-03-29,2017-04-12,2017-04-18
e8baa22a1075,2017-04-06,2017-04-12,2017-04-18
6f6284bca561,2017-04-17,2017-04-17,2017-04-18
469ccd7208e1,2017-04-15,2017-04-15,2017-04-18
78a4c7c41ade,2017-04-08,2017-04-12,2017-04-18
e5a1d3a32092,2017-03-25,2017-04-12,2017-04-18
0d0e0a17e03e,2017-04-09,2017-04-12,2017-04-18
f8b216dc5eeb,2017-04-07,2017-04-12,2017-04-18
94e763cbb4c0,2017-03-31,2017-04-12,2017-04-18
373500b16a96,2017-04-01,2017-04-12,2017-04-13
9c338068eab0,2017-04-03,2017-04-12,2017-04-18
1668a91c58c1,2017-04-09,2017-04-12,2017-04-18
4188ff2b0f6d,2017-03-17,2017-04-12,2017-04-16
b399e5d8905c,2017-03-28,2017-04-12,2017-04-18
a44a3c7002a8,2017-04-11,2017-04-12,2017-04-18
e49f1485ecb1,2017-03-14,2017-04-12,2017-04-12
50aeac61ad8b,2017-03-21,2017-04-12,2017-04-18
1e1011fc12e7,2017-03-17,2017-04-12,2017-04-16
f166bb26e5c7,2017-03-25,2017-04-12,2017-04-18
09ed4b3bc7fb,2017-04-02,2017-04-12,2017-04-18
4f39913928d2,2017-04-13,2017-04-13,2017-04-18
906be08c262f,2017-03-26,2017-04-12,2017-04-18
a6df54474ad2,2017-03-15,2017-04-12,2017-04-13
20befa19bb64,2017-03-24,2017-04-12,2017-04-18
9105a40dc5da,2017-03-13,2017-04-12,2017-04-12
871a07c0adab,2017-04-03,2017-04-12,2017-04-18
00b0536a15f0,2017-04-01,2017-04-12,2017-04-18
be86e1dd9299,2017-04-03,2017-04-12,2017-04-18
00c9281b6788,2017-03-30,2017-04-12,2017-04-18
cd4f1eceea5b,2017-04-14,2017-04-14,2017-04-18
5855a094bd27,2017-04-16,2017-04-16,2017-04-18
25fb633735f5,2017-04-08,2017-04-12,2017-04-18
ba4f01e1ce7a,2017-03-30,2017-04-12,2017-04-18
170a81e878ee,2017-03-23,2017-04-12,2017-04-18
2e6f08e58385,2017-04-10,2017-04-12,2017-04-18
16428416e94f,2017-04-10,2017-04-12,2017-04-18
5d97706d501d,2017-03-20,2017-04-12,2017-04-18
85ca80590363,2017-04-16,2017-04-16,2017-04-18
4e9a0f18ce02,2017-03-18,2017-04-12,2017-04-17
f41b9c7c3dcc,2017-04-04,2017-04-12,2017-04-18
d29a5f9d3d2f,2017-03-23,2017-04-12,2017-04-18
6876797183f1,2017-03-27,2017-04-12,2017-04-18
63baa49f941e,2017-03-16,2017-04-12,2017-04-15
54ab92495e07,2017-03-19,2017-04-12,2017-04-18
d11427f11636,2017-04-11,2017-04-12,2017-04-18
6d6ddd5aa1ec,2017-03-14,2017-04-12,2017-04-12
c1bc16c109fa,2017-04-11,2017-04-12,2017-04-18
3133f294dc1b,2017-03-29,2017-04-12,2017-04-18
5d26b6e6ff7c,2017-03-27,2017-04-12,2017-04-18
38196324e3b9,2017-03-29,2017-04-12,2017-04-18
a0fecf02785b,2017-03-22,2017-04-12,2017-04-18
2132b640b980,2017-04-08,2017-04-12,2017-04-18
b5e4d1f92a05,2017-03-30,2017-04-12,2017-04-18
12b389674d10,2017-04-12,2017-04-12,2017-04-18
67c916ef598b,2017-03-29,2017-04-12,2017-04-18
703375eeef53,2017-03-18,2017-04-12,2017-04-17
8c9e116c6325,2017-03-16,2017-04-12,2017-04-15
78ae4b63f830,2017-03-20,2017-04-12,2017-04-18
1deedaa31a7c,2017-04-10,2017-04-12,2017-04-18
4a24519728da,2017-04-13,2017-04-13,2017-04-18
f233118e737f,2017-03-25,2017-04-12,2017-04-18
8b5f27416d57,2017-04-15,2017-04-15,2017-04-18
c5d3e5477f4c,2017-03-15,2017-04-12,2017-04-14
1468217a01f7,2017-04-05,2017-04-12,2017-04-18
5b985603b265,2017-03-24,2017-04-12,2017-04-18
6d3a40036cc9,2017-04-11,2017-04-12,2017-04-18
1619ceb664fe,2017-04-18,2017-04-18,2017-04-18
a738ad94cf9a,2017-03-21,2017-04-12,2017-04-18
0ba1fb5e723a,2017-03-20,2017-04-12,2017-04-18
088e0685c4b3,2017-04-07,2017-04-12,2017-04-18
269015b8f532,2017-04-07,2017-04-12,2017-04-18
47f296e9d245,2017-03-14,2017-04-12,2017-04-13
5a636412bd6b,2017-04-05,2017-04-12,2017-04-18
3f9e9ab8641a,2017-04-04,2017-04-12,2017-04-18
b5f5a967ce9b,2017-04-06,2017-04-12,2017-04-18
f9226c9022a7,2017-04-10,2017-04-12,2017-04-18
b68727e4f6e2,2017-04-02,2017-04-12,2017-04-18
914741931b51,2017-03-27,2017-04-12,2017-04-18
6be5421b69e5,2017-04-04,2017-04-12,2017-04-18
67ea528b13f0,2017-04-05,2017-04-12,2017-04-18
1d64f64886ac,2017-04-01,2017-04-12,2017-04-18
815eee974782,2017-04-08,2017-04-12,2017-04-18
dd863781aed1,2017-03-22,2017-04-12,2017-04-18
3eabeaae1e43,2017-03-18,2017-04-12,2017-04-17
b46e5bc868bd,2017-04-05,2017-04-12,2017-04-18
05131687a82a,2017-04-01,2017-04-12,2017-04-18
84ca8b1ffc2d,2017-03-16,2017-04-12,2017-04-15
29499cae571c,2017-03-25,2017-04-12,2017-04-18
e4d026202da1,2017-03-14,2017-04-12,2017-04-13
7f041fcaaf5a,2017-04-13,2017-04-13,2017-04-18
297b41858491,2017-03-23,2017-04-12,2017-04-18
054e5a0d7903,2017-04-10,2017-04-12,2017-04-18
131df8125fed,2017-04-06,2017-04-12,2017-04-18
09c42cc21d2f,2017-04-12,2017-04-12,2017-04-18
4ed5d32442c0,2017-03-17,2017-04-12,2017-04-16
bc0688d8b9df,2017-04-11,2017-04-12,2017-04-18
a548122c29c6,2017-04-01,2017-04-12,2017-04-18
158c328cd21f,2017-04-17,2017-04-17,2017-04-18
afd8a2d34ef5,2017-04-11,2017-04-12,2017-04-18
8b2ee13e0d76,2017-04-11,2017-04-12,2017-04-18
d22322072d86,2017-03-30,2017-04-12,2017-04-18
cf5e3f8f7d7d,2017-04-18,2017-04-18,2017-04-18
ad93045a9b07,2017-04-14,2017-04-14,2017-04-18
fc5777af5cec,2017-03-23,2017-04-12,2017-04-18
e40331507da9,2017-04-10,2017-04-12,2017-04-18
f8c923cbad9f,2017-04-02,2017-04-12,2017-04-18
6efd41594b0c,2017-04-10,2017-04-12,2017-04-18
0babf65ad2b9,2017-04-03,2017-04-12,2017-04-18
2d408d753729,2017-03-21,2017-04-12,2017-04-18
f3c9b5bd8b9c,2017-04-07,2017-04-12,2017-04-18
c5545e0d7636,2017-04-06,2017-04-12,2017-04-18
893c9cfbffe7,2017-04-08,2017-04-12,2017-04-18
70581760bc99,2017-03-31,2017-04-12,2017-04-18
6ef02c8175c5,2017-04-13,2017-04-13,2017-04-18
a8f45ac9ceb2,2017-03-23,2017-04-12,2017-04-18
dc7e44e073a8,2017-04-12,2017-04-12,2017-04-18
b18004d6aa90,2017-03-22,2017-04-12,2017-04-18
d89ac324a47f,2017-04-15,2017-04-15,2017-04-18
504a832c327d,2017-03-26,2017-04-12,2017-04-18
49ee9c83588e,2017-04-13,2017-04-13,2017-04-18
38cad18abdde,2017-03-14,2017-04-12,2017-04-13
148d6d3fee84,2017-04-09,2017-04-12,2017-04-14
94db956ab083,2017-03-15,2017-04-12,2017-04-14
9ddbf526de58,2017-03-22,2017-04-12,2017-04-18
7c38fb3919db,2017-03-31,2017-04-12,2017-04-18
410484f1807a,2017-04-12,2017-04-12,2017-04-13
7058dd9e4bf8,2017-03-30,2017-04-12,2017-04-18
8ad14340ac6f,2017-04-11,2017-04-12,2017-04-18
8df8aa3ff538,2017-04-11,2017-04-12,2017-04-18
101050e7d5cf,2017-04-15,2017-04-15,2017-04-18
39f9f8d2f7dc,2017-03-20,2017-04-12,2017-04-13
51973c9b6bd9,2017-03-14,2017-04-12,2017-04-13
65e22c4fec31,2017-03-25,2017-04-12,2017-04-18
95ea2dabb450,2017-03-13,2017-04-12,2017-04-12
3e149de7dec5,2017-03-28,2017-04-12,2017-04-18
a181e7604acd,2017-04-18,2017-04-18,2017-04-18
66eae4e325c7,2017-03-22,2017-04-12,2017-04-18
baf3ba674fe3,2017-03-19,2017-04-12,2017-04-18
99e529b2f97d,2017-04-03,2017-04-12,2017-04-18
e8173a1ae0c9,2017-03-29,2017-04-12,2017-04-18
a51c1af06cf5,2017-04-13,2017-04-13,2017-04-18
02548ea8f973,2017-04-08,2017-04-12,2017-04-18
3e8c73542715,2017-03-23,2017-04-12,2017-04-18
0d9aa4d2be7a,2017-03-28,2017-04-12,2017-04-18
1a020dcf3ad6,2017-03-29,2017-04-12,2017-04-18
54f508bd28d0,2017-04-08,2017-04-12,2017-04-18
1238f5f87956,2017-04-10,2017-04-12,2017-04-18
e28ab4b6e028,2017-04-11,2017-04-12,2017-04-18
269d5f6fa575,2017-03-16,2017-04-12,2017-04-15
611040db1e8a,2017-03-25,2017-04-12,2017-04-18
4fb318493566,2017-03-31,2017-04-12,2017-04-18
1ef2f4f3a251,2017-03-28,2017-04-12,2017-04-18
4454ac6b3a63,2017-04-11,2017-04-12,2017-04-18
545f8a71736b,2017-04-09,2017-04-12,2017-04-18
de52b6a3a505,2017-04-11,2017-04-12,2017-04-18
ac1fedfcc9c3,2017-04-01,2017-04-12,2017-04-16
021cff53132e,2017-03-23,2017-04-12,2017-04-18
791d737150b1,2017-04-07,2017-04-12,2017-04-18
2c395ac343c9,2017-04-10,2017-04-12,2017-04-18
d9b26d9a4396,2017-03-14,2017-04-12,2017-04-13
0e312ccc85ea,2017-03-17,2017-04-12,2017-04-16
b6d7e6b53cff,2017-04-12,2017-04-12,2017-04-18
39d35cea0158,2017-04-04,2017-04-12,2017-04-18
d1e8543896c9,2017-03-17,2017-04-12,2017-04-16
25c80690d0f7,2017-03-26,2017-04-12,2017-04-18
1084659822df,2017-04-12,2017-04-12,2017-04-18
25ad71fb0d27,2017-04-03,2017-04-12,2017-04-18
b902dd24227b,2017-03-30,2017-04-12,2017-04-18
30710578b54c,2017-04-18,2017-04-18,2017-04-18
2be8f3962b1a,2017-03-23,2017-04-12,2017-04-18
1f259f4f8346,2017-04-18,2017-04-18,2017-04-18
7cc2a8ad3b6f,2017-03-25,2017-04-12,2017-04-15
cb4c440b6a5a,2017-03-22,2017-04-12,2017-04-18
eef8dd32ac5c,2017-04-15,2017-04-15,2017-04-18
9e7ea0b75c06,2017-04-12,2017-04-12,2017-04-18
1da877f5c352,2017-04-06,2017-04-12,2017-04-18
c48a1592143c,2017-03-21,2017-04-12,2017-04-18
ace9aa40b088,2017-04-16,2017-04-16,2017-04-16
37f9348d6249,2017-04-14,2017-04-14,2017-04-18
4f40464742d7,2017-04-08,2017-04-12,2017-04-18
a6fbd461bcb1,2017-04-04,2017-04-12,2017-04-18
63f049dbd9a0,2017-03-19,2017-04-12,2017-04-18
26c49a5d777d,2017-03-24,2017-04-12,2017-04-18
6782c8bf11c4,2017-04-10,2017-04-12,2017-04-18
c91e823e5651,2017-04-09,2017-04-12,2017-04-18
9c4514ce22c7,2017-04-03,2017-04-12,2017-04-18
5aae357d536e,2017-03-09,2017-04-12,2017-04-18
9070473d00d5,2017-03-23,2017-04-12,2017-04-18
15bb4e2616ca,2017-03-21,2017-04-12,2017-04-18
300908172554,2017-04-09,2017-04-12,2017-04-18
22b6f2dba5f6,2017-04-13,2017-04-13,2017-04-18
8ccda4d1678d,2017-03-13,2017-04-12,2017-04-12
d1e391c24241,2017-03-31,2017-04-12,2017-04-18
d3d10f33d05b,2017-03-28,2017-04-12,2017-04-18
8da37dc9223b,2017-03-17,2017-04-12,2017-04-16
843dfde96edc,2017-03-30,2017-04-12,2017-04-18
cd7218260937,2017-04-06,2017-04-12,2017-04-18
c39aa22010a9,2017-03-22,2017-04-12,2017-04-18
fb67e811890b,2017-03-15,2017-04-12,2017-04-14
84fe4ba4d0af,2017-03-24,2017-04-12,2017-04-18
db97cce5e85a,2017-04-09,2017-04-12,2017-04-18
59c13baeec93,2017-04-11,2017-04-12,2017-04-18
6c2ce483d996,2017-03-20,2017-04-12,2017-04-18
0a44e066a5b8,2017-04-04,2017-04-12,2017-04-18
5bc0e17e9eaa,2017-03-16,2017-04-12,2017-04-15
7a2c2f4b1f12,2017-03-14,2017-04-12,2017-04-13
5c19ddc8b814,2017-04-02,2017-04-12,2017-04-18
7776b7fa0bee,2017-04-12,2017-04-12,2017-04-18
ae32dccc792b,2017-03-21,2017-04-12,2017-04-18
740470b856de,2017-04-11,2017-04-12,2017-04-18
9a9a99a1cfe7,2017-04-07,2017-04-12,2017-04-18
8ba7568a4360,2017-03-21,2017-04-12,2017-04-18
d8d0c94b2f81,2017-03-17,2017-04-12,2017-04-16
3a2e63ebe040,2017-04-11,2017-04-12,2017-04-18
59159234c352,2017-03-20,2017-04-12,2017-04-18
75eeae7df691,2017-04-07,2017-04-12,2017-04-18
53c6ecfd7c6f,2017-04-09,2017-04-12,2017-04-17
e5039894fce8,2017-04-02,2017-04-12,2017-04-18
0a31be100c29,2017-04-09,2017-04-12,2017-04-18
5fce0b18e984,2017-04-03,2017-04-12,2017-04-18
3f11bfeb4ee1,2017-03-23,2017-04-12,2017-04-18
767cd3b22fa9,2017-04-12,2017-04-12,2017-04-18
875d1f23f1e2,2017-03-26,2017-04-12,2017-04-18
5101b3e5d8cb,2017-03-27,2017-04-12,2017-04-18
aff8b47156bd,2017-04-03,2017-04-12,2017-04-18
797f0912c2a2,2017-03-17,2017-04-12,2017-04-16
532d04bcb51b,2017-03-28,2017-04-12,2017-04-18
40ac79168cef,2017-04-09,2017-04-12,2017-04-18
8ccef6477e86,2017-04-04,2017-04-12,2017-04-18
43a114508050,2017-04-18,2017-04-18,2017-04-18
24994c1bad59,2017-03-17,2017-04-12,2017-04-16
e9840717a44b,2017-04-05,2017-04-12,2017-04-18
4a967169560b,2017-03-26,2017-04-12,2017-04-18
42bf36e2abc2,2017-04-02,2017-04-12,2017-04-18
8a281474de38,2017-03-23,2017-04-12,2017-04-18
ae386936f73b,2017-04-04,2017-04-12,2017-04-18
522ed7b5f832,2017-04-01,2017-04-12,2017-04-18
952bda8f5c9d,2017-03-20,2017-04-12,2017-04-18
f787a65f6225,2017-04-04,2017-04-12,2017-04-18
59ffe33d02e4,2017-04-04,2017-04-12,2017-04-18
840a06101e2c,2017-03-20,2017-04-12,2017-04-18
150feabeba08,2017-04-14,2017-04-15,2017-04-18
fff5db19acda,2017-04-15,2017-04-15,2017-04-18
d2a7b7ffcd90,2017-04-05,2017-04-12,2017-04-18
3768ac064df6,2017-03-25,2017-04-12,2017-04-18
09fbfadd3573,2017-04-09,2017-04-12,2017-04-18
8152e6c07ed9,2017-03-31,2017-04-12,2017-04-18
3705a8327f6d,2017-03-13,2017-04-12,2017-04-12
84ee99dc493c,2017-03-28,2017-04-12,2017-04-18
8aa59f85fdf5,2017-03-24,2017-04-12,2017-04-18
5700bdfbfc7e,2017-04-13,2017-04-13,2017-04-18
2da75dd34739,2017-04-13,2017-04-13,2017-04-18
737bad37e14d,2017-04-02,2017-04-12,2017-04-18
4822d7ff4df0,2017-04-06,2017-04-12,2017-04-18
7fd4e358e98c,2017-04-17,2017-04-17,2017-04-18
5c538874fcba,2017-04-05,2017-04-12,2017-04-18
a12dd471915f,2017-04-10,2017-04-12,2017-04-18
5994a2500669,2017-04-12,2017-04-12,2017-04-15
378a0b9fb2e1,2017-03-20,2017-04-12,2017-04-18
e8207489c0a7,2017-03-31,2017-04-12,2017-04-18
ce3280c0dabf,2017-04-06,2017-04-12,2017-04-18
1c0057d658d3,2017-04-08,2017-04-12,2017-04-18
860cce756824,2017-03-29,2017-04-12,2017-04-18
18ccf60cce95,2017-03-26,2017-04-12,2017-04-18
0af5895932af,2017-03-16,2017-04-12,2017-04-15
a282683a5469,2017-04-14,2017-04-14,2017-04-18
a2d1cf63211e,2017-04-17,2017-04-17,2017-04-18
02d82192cf4d,2017-04-06,2017-04-12,2017-04-18
ea6dd44df801,2017-04-02,2017-04-12,2017-04-18
a642a513ffb5,2017-03-21,2017-04-12,2017-04-18
d978c29ea0a6,2017-03-21,2017-04-12,2017-04-18
ed0d1ef21cb0,2017-03-21,2017-04-12,2017-04-18
656430bcee7c,2017-03-29,2017-04-12,2017-04-18
6290f7c1353b,2017-04-11,2017-04-12,2017-04-18
aeb8006b53a2,2017-04-14,2017-04-14,2017-04-18
575cbb1a3e81,2017-03-28,2017-04-12,2017-04-18
50c2bbb200ec,2017-04-05,2017-04-12,2017-04-18
a3b828d22926,2017-03-31,2017-04-12,2017-04-18
69700e53bce8,2017-04-10,2017-04-12,2017-04-18
c94c9298f5ec,2017-04-10,2017-04-12,2017-04-18
53a3a875e6a9,2017-04-17,2017-04-17,2017-04-18
bcc4f142b502,2017-03-14,2017-04-12,2017-04-13
32a8e5033265,2017-04-10,2017-04-12,2017-04-18
0472d98c5cc4,2017-04-17,2017-04-17,2017-04-18
f33e2a9a9aae,2017-04-04,2017-04-12,2017-04-18
c28eb26dd718,2017-04-11,2017-04-12,2017-04-18
9e9a1d2ce395,2017-04-06,2017-04-12,2017-04-15
569563c8b130,2017-03-27,2017-04-12,2017-04-18
b73e5c2c0d2c,2017-03-28,2017-04-12,2017-04-18
93ba0b14011b,2017-04-17,2017-04-17,2017-04-18
f8a879ba9920,2017-04-10,2017-04-12,2017-04-18
53debe8e68b6,2017-04-11,2017-04-12,2017-04-18
92a5b4e3b438,2017-04-14,2017-04-14,2017-04-18
622c3b0f7bc4,2017-03-24,2017-04-12,2017-04-18
ba00d97787a0,2017-03-26,2017-04-12,2017-04-18
a62e9c33d99e,2017-04-06,2017-04-12,2017-04-18
777f0afbb94d,2017-03-28,2017-04-12,2017-04-18
17a7b5df6c76,2017-03-26,2017-04-12,2017-04-18
b9ad1ae3e41a,2017-04-10,2017-04-12,2017-04-18
50309f3d71ca,2017-04-05,2017-04-12,2017-04-18
e893e8aad6f0,2017-04-11,2017-04-12,2017-04-18
78353f42b7a8,2017-04-17,2017-04-17,2017-04-18
ff4daf74b4b4,2017-03-15,2017-04-12,2017-04-14
dee6fb54176e,2017-03-20,2017-04-12,2017-04-18
6b4776b354ae,2017-04-04,2017-04-12,2017-04-18
b1600314ff23,2017-03-16,2017-04-12,2017-04-15
252106785dbe,2017-03-23,2017-04-12,2017-04-18
89507b68a848,2017-04-08,2017-04-12,2017-04-18
fc8caedd9c72,2017-04-18,2017-04-18,2017-04-18
ed0a08f24922,2017-04-12,2017-04-12,2017-04-18
14cbb0032ef8,2017-03-20,2017-04-12,2017-04-18
f1fce4944d12,2017-04-06,2017-04-12,2017-04-18
02870c0f06b0,2017-03-18,2017-04-12,2017-04-16
51913214eff1,2017-04-09,2017-04-12,2017-04-18
9215443bd3c4,2017-03-22,2017-04-12,2017-04-18
b3f7f522c7de,2017-03-27,2017-04-12,2017-04-18
aa093ce35cbd,2017-04-05,2017-04-12,2017-04-18
f70a71bb6e4a,2017-04-09,2017-04-12,2017-04-18
1d169325f6b8,2017-03-23,2017-04-12,2017-04-18
0b821378477a,2017-04-08,2017-04-12,2017-04-18
a8c53d9a85ee,2017-03-22,2017-04-12,2017-04-18
2a22d39bd5ab,2017-03-29,2017-04-12,2017-04-18
ff5494fcc013,2017-04-06,2017-04-12,2017-04-18
6982c801636d,2017-03-31,2017-04-12,2017-04-18
6076b7423831,2017-03-17,2017-04-12,2017-04-15
b2065ede1074,2017-04-06,2017-04-12,2017-04-18
ebdc3a02a20d,2017-04-11,2017-04-12,2017-04-18
f63b64540199,2017-04-11,2017-04-12,2017-04-18
bc8ac76c1eab,2017-03-15,2017-04-12,2017-04-13
6cf07b84b3dd,2017-03-14,2017-04-12,2017-04-13
081b6dc26f00,2017-03-15,2017-04-12,2017-04-14
ae4de6732c49,2017-03-18,2017-04-12,2017-04-17
63bc5c914342,2017-04-06,2017-04-12,2017-04-18
34545998a33b,2017-03-24,2017-04-12,2017-04-18
351f8c30af46,2017-04-07,2017-04-12,2017-04-18
edd147ca9ca3,2017-04-07,2017-04-12,2017-04-18
40bb619b6c49,2017-03-31,2017-04-12,2017-04-18
4c2f1fc5c524,2017-03-27,2017-04-12,2017-04-18
f51e7a8035db,2017-04-17,2017-04-17,2017-04-18
69921dc568e2,2017-03-19,2017-04-12,2017-04-18
59819939dcb0,2017-04-11,2017-04-12,2017-04-18
7abb6a1869a9,2017-03-21,2017-04-12,2017-04-18
b9b7e2ff35b1,2017-04-10,2017-04-12,2017-04-18
2614f1bb503b,2017-04-09,2017-04-12,2017-04-18
fee3c8d8909e,2017-04-05,2017-04-12,2017-04-18
0b2429219332,2017-03-14,2017-04-12,2017-04-13
86a566e3826e,2017-03-23,2017-04-12,2017-04-18
face5c1f533c,2017-03-28,2017-04-12,2017-04-18
13a8c978ee23,2017-03-20,2017-04-12,2017-04-18
9eff4671d5b9,2017-03-21,2017-04-12,2017-04-18
a593726aea1a,2017-04-13,2017-04-13,2017-04-18
5e1172b7a44e,2017-03-14,2017-04-12,2017-04-13
4c950b913524,2017-04-09,2017-04-12,2017-04-18
e2ce25bcd151,2017-04-03,2017-04-12,2017-04-18
46597fee6b2c,2017-03-19,2017-04-12,2017-04-18
dc46f42367fe,2017-04-13,2017-04-13,2017-04-18
1add1055cbf7,2017-03-20,2017-04-12,2017-04-18
14436112830e,2017-03-22,2017-04-12,2017-04-18
325eebe1f8c1,2017-03-17,2017-04-12,2017-04-16
0631b375518d,2017-04-05,2017-04-12,2017-04-18
b6b18728f248,2017-03-31,2017-04-12,2017-04-16
134de62f3553,2017-03-28,2017-04-12,2017-04-18
e41df2dfa412,2017-04-07,2017-04-12,2017-04-18
fa10390301fb,2017-03-17,2017-04-12,2017-04-16
31196bc75cdd,2017-04-01,2017-04-12,2017-04-18
c7d8a28a5a76,2017-04-06,2017-04-12,2017-04-18
e4ef102121a4,2017-04-10,2017-04-12,2017-04-18
46979aaf6c43,2017-04-13,2017-04-13,2017-04-18
ea884f3f3271,2017-03-17,2017-04-12,2017-04-15
bc922a23df01,2017-03-18,2017-04-12,2017-04-17
2885c20b4156,2017-03-31,2017-04-12,2017-04-18
284e01e12133,2017-03-14,2017-04-12,2017-04-13
ccae4ec1ea40,2017-03-29,2017-04-12,2017-04-18
0f050a66b6f1,2017-04-15,2017-04-15,2017-04-18
d8c7da3c220c,2017-03-22,2017-04-12,2017-04-18
d0dac1857eab,2017-03-13,2017-04-12,2017-04-12
b43228e41edc,2017-03-30,2017-04-12,2017-04-18
888f59d17a42,2017-04-06,2017-04-12,2017-04-18
a8c0b60e0731,2017-04-05,2017-04-12,2017-04-18
cadfbff8d180,2017-03-31,2017-04-12,2017-04-18
673303a72a3a,2017-03-30,2017-04-12,2017-04-18
3b79e792d4bf,2017-03-15,2017-04-12,2017-04-14
d9c7e9457dc1,2017-03-28,2017-04-12,2017-04-18
8c65a765526b,2017-04-11,2017-04-12,2017-04-18
0103d55185e9,2017-04-02,2017-04-12,2017-04-18
90db9a376241,2017-03-18,2017-04-12,2017-04-17
a51ddac24735,2017-03-20,2017-04-12,2017-04-18
bcf6de004981,2017-03-28,2017-04-12,2017-04-18
dc357c22a375,2017-03-18,2017-04-12,2017-04-17
2a2658e01775,2017-03-31,2017-04-12,2017-04-18
933569d7327e,2017-03-21,2017-04-12,2017-04-18
02b40495b9e0,2017-04-14,2017-04-14,2017-04-18
7b4d5a376f26,2017-04-12,2017-04-12,2017-04-18
e2247ceceeb4,2017-04-08,2017-04-12,2017-04-18
6f8d83ccf0bb,2017-04-06,2017-04-12,2017-04-18
a16ea3c9badd,2017-03-26,2017-04-12,2017-04-18
3445c313e574,2017-03-27,2017-04-12,2017-04-18
ad8ee60866a6,2017-04-09,2017-04-12,2017-04-18
ea7ea5945c5f,2017-04-11,2017-04-12,2017-04-18
eb4f625b37b1,2017-03-23,2017-04-12,2017-04-18
50b674e6eedd,2017-04-03,2017-04-12,2017-04-18
c106b07dd912,2017-03-29,2017-04-12,2017-04-18
1172fc4d5a4a,2017-04-10,2017-04-12,2017-04-18
8d6856b1f76b,2017-04-04,2017-04-12,2017-04-18
e8223d640465,2017-03-15,2017-04-12,2017-04-13
010b624890f9,2017-04-05,2017-04-12,2017-04-18
75e9f4a3e19d,2017-03-30,2017-04-12,2017-04-18
5e24dd823f68,2017-04-03,2017-04-12,2017-04-18
9ea88295f648,2017-04-08,2017-04-12,2017-04-18
cade1d00c1ac,2017-04-12,2017-04-12,2017-04-18
c958c71a2904,2017-03-31,2017-04-12,2017-04-18
a15ba6e6ae74,2017-03-20,2017-04-12,2017-04-18
77ec245891c8,2017-03-15,2017-04-12,2017-04-13
6adafabc60da,2017-03-24,2017-04-12,2017-04-18
01419e339dd7,2017-03-23,2017-04-12,2017-04-18
7a136fff3892,2017-04-11,2017-04-12,2017-04-18
71856babbf87,2017-04-02,2017-04-12,2017-04-18
ce9d80f8b398,2017-04-04,2017-04-12,2017-04-18
3de967fcf6e9,2017-04-08,2017-04-12,2017-04-18
b611415328b7,2017-04-04,2017-04-12,2017-04-18
91b2a74c2040,2017-04-05,2017-04-12,2017-04-18
94bed57caa53,2017-04-01,2017-04-12,2017-04-18
dc90b655f576,2017-04-01,2017-04-12,2017-04-18
06677922de92,2017-04-11,2017-04-12,2017-04-18
96f40441f577,2017-04-04,2017-04-12,2017-04-18
3d32a2ca346a,2017-04-05,2017-04-12,2017-04-18
f95750e9c5a3,2017-03-31,2017-04-12,2017-04-18
df8b291e02bc,2017-04-15,2017-04-15,2017-04-18
62ebab4edf85,2017-03-29,2017-04-12,2017-04-18
032778790808,2017-04-10,2017-04-12,2017-04-18
6efcba08e203,2017-03-26,2017-04-12,2017-04-18
9c05c2a943d1,2017-03-14,2017-04-12,2017-04-13
1fcb200636a4,2017-03-20,2017-04-12,2017-04-18
1512fd3b6cf4,2017-03-14,2017-04-12,2017-04-12
c9daa964b28a,2017-04-10,2017-04-12,2017-04-18
35c396a140fd,2017-03-30,2017-04-12,2017-04-18
49e2dfea1827,2017-03-26,2017-04-12,2017-04-18
4c9248c8aac1,2017-03-26,2017-04-12,2017-04-18
8f1aa26868b1,2017-03-29,2017-04-12,2017-04-18
a931b25576c8,2017-03-25,2017-04-12,2017-04-18
3e29522947cf,2017-04-05,2017-04-12,2017-04-18
49a8920d7c7e,2017-03-31,2017-04-12,2017-04-18
9b1c1195e21e,2017-03-23,2017-04-12,2017-04-18
66d6c431ee57,2017-03-21,2017-04-12,2017-04-18
a4911658d2c3,2017-03-14,2017-04-12,2017-04-13
835b789b50b9,2017-04-04,2017-04-12,2017-04-18
b1577104fdd7,2017-04-01,2017-04-12,2017-04-18
4d2877e20c54,2017-03-14,2017-04-12,2017-04-13
a18f50356f34,2017-04-11,2017-04-12,2017-04-18
d509d8d13fb6,2017-03-22,2017-04-12,2017-04-18
b0c078ebae9c,2017-03-29,2017-04-12,2017-04-18
cc52819df0d3,2017-04-12,2017-04-12,2017-04-18
9cc351acfbd7,2017-03-25,2017-04-12,2017-04-18
4cac6fc65514,2017-03-25,2017-04-12,2017-04-18
df00d6de5eda,2017-04-06,2017-04-12,2017-04-18
36107172177c,2017-04-05,2017-04-12,2017-04-18
b6112e2e4262,2017-03-15,2017-04-12,2017-04-13
480ee5d51d4b,2017-04-18,2017-04-18,2017-04-18
d2eb66214a3d,2017-03-29,2017-04-12,2017-04-18
46c5ebcb1091,2017-03-23,2017-04-12,2017-04-18
86737d2ece58,2017-03-21,2017-04-12,2017-04-18
84df84facfae,2017-04-11,2017-04-12,2017-04-18
ccc51b1313ed,2017-04-15,2017-04-15,2017-04-18
61dbb17087af,2017-03-16,2017-04-12,2017-04-15
bfdca5aa6ff5,2017-03-30,2017-04-12,2017-04-18
5c6adf9fd4b4,2017-03-26,2017-04-12,2017-04-18
ed2f6efb74df,2017-03-20,2017-04-12,2017-04-18
bcde2f4cb4eb,2017-03-28,2017-04-12,2017-04-18
eec823f16606,2017-03-27,2017-04-12,2017-04-18
0520deec9b54,2017-04-05,2017-04-12,2017-04-18
5fca84ac7641,2017-03-27,2017-04-12,2017-04-18
e0cbb44eafc3,2017-04-04,2017-04-12,2017-04-18
5e732eb0b580,2017-03-28,2017-04-12,2017-04-18
4d7854bd95a9,2017-04-11,2017-04-12,2017-04-18
6583343a5f45,2017-04-18,2017-04-18,2017-04-18
40bfe5de30d4,2017-03-15,2017-04-12,2017-04-14
f57990ce852a,2017-03-25,2017-04-12,2017-04-18
b22b8dae090b,2017-03-22,2017-04-12,2017-04-18
35923e2daa43,2017-04-04,2017-04-12,2017-04-18
206c7c4f9dcf,2017-03-24,2017-04-12,2017-04-18
3bc660297ab4,2017-04-10,2017-04-12,2017-04-18
2628bb0689e4,2017-04-17,2017-04-17,2017-04-18
cde1b963942a,2017-04-14,2017-04-14,2017-04-18
f4e3960949fe,2017-04-12,2017-04-12,2017-04-18
fc2119ba47d8,2017-03-20,2017-04-12,2017-04-18
e4e567b74b80,2017-03-20,2017-04-12,2017-04-18
2780bb896e4e,2017-03-29,2017-04-12,2017-04-18
90ea7a143faa,2017-04-03,2017-04-12,2017-04-18
29217970c646,2017-03-22,2017-04-12,2017-04-18
e578fe035a01,2017-04-17,2017-04-17,2017-04-18
87108866f763,2017-04-04,2017-04-12,2017-04-18
160e777f4f83,2017-03-23,2017-04-12,2017-04-18
fe05308878c7,2017-04-10,2017-04-12,2017-04-18
fd465613bee3,2017-03-23,2017-04-12,2017-04-13
8d7f89609e6b,2017-03-15,2017-04-12,2017-04-14
0d4b305dfbed,2017-03-30,2017-04-12,2017-04-18
826f8905e464,2017-04-07,2017-04-12,2017-04-18
62d18965ac89,2017-03-29,2017-04-12,2017-04-18
371f90734e98,2017-03-19,2017-04-12,2017-04-17
717b7d2dcc44,2017-03-22,2017-04-12,2017-04-18
ce91a145a195,2017-04-04,2017-04-12,2017-04-18
84218ce1664e,2017-03-15,2017-04-12,2017-04-14
dbd894aeab0a,2017-03-16,2017-04-12,2017-04-15
d0cd9a384bd8,2017-04-04,2017-04-12,2017-04-18
ae993f8457ab,2017-04-13,2017-04-13,2017-04-14
d1bd82314e68,2017-04-10,2017-04-12,2017-04-18
513f7de51cc4,2017-04-09,2017-04-12,2017-04-18
908d649693b8,2017-04-03,2017-04-12,2017-04-18
d3c9045994a5,2017-03-22,2017-04-12,2017-04-18
86e1a8fb6ee2,2017-04-04,2017-04-12,2017-04-18
0d6e50d3d18d,2017-04-16,2017-04-16,2017-04-18
58976b0d3ef4,2017-04-13,2017-04-13,2017-04-18
1620f0efbaf6,2017-04-05,2017-04-12,2017-04-18
65d1d1a4fd19,2017-03-16,2017-04-12,2017-04-15
46140461f590,2017-04-06,2017-04-12,2017-04-18
d23664df8a0a,2017-04-15,2017-04-15,2017-04-18
6a18868834c8,2017-03-21,2017-04-12,2017-04-18
7e51d16b5297,2017-04-07,2017-04-12,2017-04-18
82ace829a37a,2017-03-23,2017-04-12,2017-04-18
46702a4f0809,2017-04-15,2017-04-15,2017-04-18
43d16ef3454f,2017-04-04,2017-04-12,2017-04-18
01ead63366cc,2017-04-09,2017-04-12,2017-04-18
bd6fc1279566,2017-04-05,2017-04-12,2017-04-12
74ba56b9ea23,2017-03-14,2017-04-12,2017-04-13
48e594add706,2017-04-03,2017-04-12,2017-04-13
3e48a473a372,2017-04-13,2017-04-13,2017-04-18
9951904332c1,2017-04-14,2017-04-14,2017-04-18
cee930dc85de,2017-04-12,2017-04-12,2017-04-18
d63d91106c90,2017-03-23,2017-04-12,2017-04-18
107ed85ac0e7,2017-04-12,2017-04-12,2017-04-18
830edd2ee81a,2017-04-11,2017-04-12,2017-04-18
1e57517f91c8,2017-04-05,2017-04-12,2017-04-18
d2ac80845671,2017-04-04,2017-04-12,2017-04-18
af83771024b1,2017-04-12,2017-04-12,2017-04-18
a334341b2605,2017-03-17,2017-04-12,2017-04-16
bd7c4fcb437a,2017-04-01,2017-04-12,2017-04-18
9137899a5f0f,2017-04-13,2017-04-13,2017-04-18
70187a782d19,2017-03-14,2017-04-12,2017-04-13
5035bcd2b69b,2017-03-17,2017-04-12,2017-04-16
58c8ffaf6775,2017-03-18,2017-04-12,2017-04-17
93ffdc0f1fce,2017-04-08,2017-04-12,2017-04-18
1cbe54881ed0,2017-04-18,2017-04-18,2017-04-18
71fefcd95393,2017-04-04,2017-04-12,2017-04-18
85b284c03983,2017-04-09,2017-04-12,2017-04-18
a0b2bea70fee,2017-04-08,2017-04-12,2017-04-18
cffef8ce507d,2017-03-25,2017-04-12,2017-04-18
c816cf822a42,2017-04-04,2017-04-12,2017-04-18
af15fd4e9e78,2017-04-11,2017-04-12,2017-04-14
ae23b7c41be7,2017-03-25,2017-04-12,2017-04-18
0819c32a37d4,2017-03-19,2017-04-12,2017-04-17
f2a2a50fd25c,2017-04-10,2017-04-12,2017-04-18
6b8497876095,2017-03-19,2017-04-12,2017-04-18
b4b81d6c0c25,2017-03-29,2017-04-12,2017-04-18
2e6246248949,2017-04-12,2017-04-12,2017-04-18
3c014086de63,2017-04-04,2017-04-12,2017-04-18
5ceaab567fd9,2017-04-11,2017-04-12,2017-04-18
59b9e4367165,2017-04-04,2017-04-12,2017-04-18
6e713ab16837,2017-04-14,2017-04-14,2017-04-18
3de7b6734141,2017-04-12,2017-04-12,2017-04-18
ba7a269ebfe9,2017-03-15,2017-04-12,2017-04-13
2d11ae133eb4,2017-03-31,2017-04-12,2017-04-18
f1bfd70e2d5e,2017-04-12,2017-04-12,2017-04-18
cffd8e7332d9,2017-03-30,2017-04-12,2017-04-18
08cddedc245a,2017-04-17,2017-04-17,2017-04-18
c7682ec66867,2017-04-13,2017-04-13,2017-04-18
1d1e62d03427,2017-04-12,2017-04-12,2017-04-18
c43ee65827d4,2017-04-11,2017-04-12,2017-04-18
b90295cc711e,2017-03-13,2017-04-12,2017-04-12
c5343688aab3,2017-03-14,2017-04-12,2017-04-13
10e7f285f61e,2017-03-15,2017-04-12,2017-04-14
6b13e79a017c,2017-03-20,2017-04-12,2017-04-18
520f73da0745,2017-04-02,2017-04-12,2017-04-18
c9f2f3939007,2017-03-30,2017-04-12,2017-04-18
1f7695ac757d,2017-04-15,2017-04-15,2017-04-18
039a0b42ddaa,2017-03-21,2017-04-12,2017-04-18
40768bda5a0a,2017-03-29,2017-04-12,2017-04-18
b78c03d16e27,2017-04-02,2017-04-12,2017-04-18
d12d5e743ce2,2017-04-06,2017-04-12,2017-04-18
991fac380746,2017-04-10,2017-04-12,2017-04-18
fe97ed1d9fad,2017-03-24,2017-04-12,2017-04-18
b27581088ba2,2017-04-05,2017-04-12,2017-04-18
c2e6aa3d4493,2017-03-20,2017-04-12,2017-04-18
e9c105f10575,2017-04-07,2017-04-12,2017-04-18
e6c19200ac25,2017-03-31,2017-04-12,2017-04-18
9f0326e8e4f0,2017-04-02,2017-04-12,2017-04-18
483be947e603,2017-04-05,2017-04-12,2017-04-18
1837059a8563,2017-04-15,2017-04-15,2017-04-18
66829707af61,2017-03-14,2017-04-12,2017-04-13
c9ad9771fdbd,2017-04-17,2017-04-17,2017-04-18
55e677614bca,2017-04-06,2017-04-12,2017-04-18
2bbb85990f48,2017-03-15,2017-04-12,2017-04-13
81ec53102e3d,2017-03-29,2017-04-12,2017-04-15
350ba40cfc7e,2017-03-22,2017-04-12,2017-04-18
7886a5d8e598,2017-04-02,2017-04-12,2017-04-18
a7d09a219abe,2017-04-03,2017-04-12,2017-04-18
ee3f3409c51d,2017-03-31,2017-04-12,2017-04-18
62c4d621ec17,2017-04-06,2017-04-12,2017-04-18
ddcc6b762a0f,2017-03-19,2017-04-12,2017-04-18
876acb4d0a9d,2017-04-07,2017-04-12,2017-04-18
c03cd9d8c387,2017-03-14,2017-04-12,2017-04-13
d905ff22386d,2017-04-10,2017-04-12,2017-04-18
e31732a09e14,2017-03-27,2017-04-12,2017-04-18
920036ea5f62,2017-04-04,2017-04-12,2017-04-15
90afef7640d6,2017-04-09,2017-04-12,2017-04-18
01f8444befcd,2017-04-13,2017-04-13,2017-04-18
39dfd59f6b9e,2017-03-31,2017-04-12,2017-04-18
791f07e6f723,2017-04-16,2017-04-16,2017-04-18
f4182278bb36,2017-04-12,2017-04-12,2017-04-18
0cd51fcff509,2017-03-19,2017-04-12,2017-04-18
b53069f13ecf,2017-04-04,2017-04-12,2017-04-18
8f5d13571d33,2017-04-17,2017-04-17,2017-04-18
2e7e6f2d0ba5,2017-04-12,2017-04-12,2017-04-18
7e56763468f1,2017-03-17,2017-04-12,2017-04-16
08e94b206827,2017-04-14,2017-04-14,2017-04-18
62b610d566bf,2017-03-22,2017-04-12,2017-04-18
5e9d70ecdb47,2017-03-15,2017-04-12,2017-04-14
cf5f7c89bb38,2017-03-30,2017-04-12,2017-04-18
417ccf24f19d,2017-04-06,2017-04-12,2017-04-18
ce99e3bfc373,2017-03-27,2017-04-12,2017-04-18
34ac6a35093f,2017-04-06,2017-04-12,2017-04-18
c94d2565b66a,2017-03-23,2017-04-12,2017-04-18
de8a408acae1,2017-03-22,2017-04-12,2017-04-18
d5ad122b39bb,2017-04-06,2017-04-12,2017-04-18
add18a9b683c,2017-04-18,2017-04-18,2017-04-18
c96432563243,2017-03-15,2017-04-12,2017-04-13
bef31470b031,2017-04-05,2017-04-12,2017-04-18
b490239b8f67,2017-03-21,2017-04-12,2017-04-18
283b17893b1d,2017-04-01,2017-04-12,2017-04-18
566450264378,2017-04-08,2017-04-12,2017-04-18
6186f3296693,2017-03-26,2017-04-12,2017-04-18
94ffe8cce0cc,2017-04-16,2017-04-16,2017-04-18
871a3c4543fc,2017-03-20,2017-04-12,2017-04-18
53a52638fbd1,2017-04-14,2017-04-14,2017-04-18
5d13ed0e0935,2017-04-04,2017-04-12,2017-04-18
3af95e8c0845,2017-04-14,2017-04-14,2017-04-18
bcc6baf5edb1,2017-03-17,2017-04-12,2017-04-16
b78551ef8f1c,2017-04-10,2017-04-12,2017-04-18
465f1484628e,2017-03-17,2017-04-12,2017-04-15
478ff2983319,2017-04-17,2017-04-17,2017-04-18
fbe09d896398,2017-04-09,2017-04-12,2017-04-18
32b723397846,2017-04-08,2017-04-12,2017-04-18
ac14e7b0a228,2017-04-16,2017-04-16,2017-04-18
06409a9ded29,2017-03-21,2017-04-12,2017-04-18
3bcd41ffb56b,2017-03-30,2017-04-12,2017-04-18
5eaf17d85e02,2017-04-11,2017-04-12,2017-04-18
b0f8ac11b7b8,2017-03-14,2017-04-12,2017-04-13
8104704c3886,2017-04-11,2017-04-12,2017-04-18
164efdbb012c,2017-04-02,2017-04-12,2017-04-18
adb353a1281a,2017-04-09,2017-04-12,2017-04-18
e7d4d43299e4,2017-03-22,2017-04-12,2017-04-18
c431a906b3b8,2017-03-14,2017-04-12,2017-04-13
5be39cf397c3,2017-04-18,2017-04-18,2017-04-18
71a34f1e6e67,2017-03-31,2017-04-12,2017-04-18
4dd8f97e21b3,2017-04-03,2017-04-12,2017-04-18
b068fbdecc3d,2017-03-15,2017-04-12,2017-04-13
ce4e6a2f5de6,2017-04-14,2017-04-14,2017-04-16
497f3c1e3173,2017-03-20,2017-04-12,2017-04-18
358192686d58,2017-03-23,2017-04-12,2017-04-18
d75ec1bfc9d2,2017-03-15,2017-04-12,2017-04-14
c976e97d0f9a,2017-03-16,2017-04-12,2017-04-15
d53338663f3e,2017-04-17,2017-04-17,2017-04-18
75305d89b182,2017-04-12,2017-04-12,2017-04-18
b2547a56d6d9,2017-03-13,2017-04-12,2017-04-12
8e9f3764fdd8,2017-04-16,2017-04-16,2017-04-18
940fcf834c98,2017-04-10,2017-04-12,2017-04-18
50a9c2dd8a05,2017-03-15,2017-04-12,2017-04-14
9be6dac809c4,2017-03-13,2017-04-12,2017-04-12
5e34a5002ada,2017-04-07,2017-04-12,2017-04-18
881f4ef964f5,2017-04-13,2017-04-13,2017-04-18
70ffb7d84ad1,2017-04-01,2017-04-12,2017-04-18
eb357063a56f,2017-03-27,2017-04-12,2017-04-18
92a19ee06d4c,2017-03-24,2017-04-12,2017-04-18
7ae20dba8311,2017-03-29,2017-04-12,2017-04-18
db6e0c4ced97,2017-04-03,2017-04-12,2017-04-18
2b1e6ac5e2ad,2017-03-24,2017-04-12,2017-04-18
32cf41269dbb,2017-03-17,2017-04-12,2017-04-16
b67f12c38543,2017-03-21,2017-04-12,2017-04-18
c01531db4f5d,2017-04-06,2017-04-12,2017-04-18
2cc86f305177,2017-04-07,2017-04-12,2017-04-18
a9a1ebe43e0c,2017-04-11,2017-04-12,2017-04-18
9f608e2b8fde,2017-03-26,2017-04-12,2017-04-18
3c95db6ee863,2017-04-09,2017-04-12,2017-04-13
0523eed1645b,2017-04-11,2017-04-12,2017-04-18
c2435a9c9080,2017-04-01,2017-04-12,2017-04-15
de670fe7fd94,2017-03-17,2017-04-12,2017-04-16
36c791988597,2017-03-14,2017-04-12,2017-04-12
eee88f2b7456,2017-04-05,2017-04-12,2017-04-18
abefc44f4629,2017-03-25,2017-04-12,2017-04-18
dac6bfbc5d06,2017-04-11,2017-04-12,2017-04-18
5cbb0c970203,2017-03-15,2017-04-12,2017-04-12
36c2de05da22,2017-03-31,2017-04-12,2017-04-18
fc025ccb9e8f,2017-03-29,2017-04-12,2017-04-18
acdb518af753,2017-04-04,2017-04-12,2017-04-18
1780a4098496,2017-03-25,2017-04-12,2017-04-18
a89cc2975310,2017-03-27,2017-04-12,2017-04-18
0b313f0b3d22,2017-03-15,2017-04-12,2017-04-13
f2ae6118d2e5,2017-04-16,2017-04-16,2017-04-18
6a2baa4835b7,2017-03-25,2017-04-12,2017-04-18
7fab5ef8a0c5,2017-04-13,2017-04-13,2017-04-18
b8a512f97dfa,2017-03-31,2017-04-12,2017-04-18
4148194b759a,2017-04-16,2017-04-16,2017-04-18
a0da83bfa322,2017-03-14,2017-04-12,2017-04-12
583400217f04,2017-03-23,2017-04-12,2017-04-18
91ddb52dcd54,2017-03-25,2017-04-12,2017-04-18
e0e34e2b6a6d,2017-03-16,2017-04-12,2017-04-15
b25d30303383,2017-03-17,2017-04-12,2017-04-15
f50f29ca9bc3,2017-04-10,2017-04-12,2017-04-18
18d75f25f357,2017-03-22,2017-04-12,2017-04-18
79cce5802117,2017-04-08,2017-04-12,2017-04-18
1937e6b24c4c,2017-03-15,2017-04-12,2017-04-14
1f23b97746e1,2017-04-18,2017-04-18,2017-04-18
6fd61bb70dc1,2017-03-29,2017-04-12,2017-04-18
a6b29e45756c,2017-03-13,2017-04-12,2017-04-12
254b78acc0c8,2017-03-17,2017-04-12,2017-04-15
e5fc1684db0a,2017-03-24,2017-04-12,2017-04-18
bacf78dedb00,2017-03-22,2017-04-12,2017-04-18
fc04b3cccfa9,2017-04-13,2017-04-13,2017-04-14
63bc58a74914,2017-04-11,2017-04-12,2017-04-18
5ebaf8f0cbec,2017-03-15,2017-04-12,2017-04-14
81b0d346e0a4,2017-04-09,2017-04-12,2017-04-18
4433b9fadcd5,2017-03-20,2017-04-12,2017-04-18
9ce2f7321e21,2017-03-26,2017-04-12,2017-04-18
0d4c9c5c4943,2017-04-10,2017-04-12,2017-04-18
32d39b245f50,2017-03-31,2017-04-12,2017-04-18
dc2c20ca2647,2017-04-16,2017-04-16,2017-04-18
aac0feaab465,2017-03-26,2017-04-12,2017-04-18
38c83ec4ad8a,2017-04-13,2017-04-13,2017-04-18
b06233f4ae8c,2017-03-29,2017-04-12,2017-04-18
e9df04b68b44,2017-03-22,2017-04-12,2017-04-18
68757154ac62,2017-03-14,2017-04-12,2017-04-13
67aad10468a0,2017-04-11,2017-04-12,2017-04-18
998ae20d163e,2017-04-06,2017-04-12,2017-04-18
ba0c0490fb9d,2017-04-15,2017-04-15,2017-04-18
0bd4e12831d4,2017-03-17,2017-04-12,2017-04-16
5aba8437adb3,2017-04-14,2017-04-14,2017-04-18
40a8eb037925,2017-04-09,2017-04-12,2017-04-18
f55c535d5362,2017-04-16,2017-04-16,2017-04-18
892399a870cd,2017-04-02,2017-04-12,2017-04-18
ea6d97977f12,2017-04-14,2017-04-14,2017-04-18
0a2eefbd4d2a,2017-04-07,2017-04-12,2017-04-18
099dd70446d2,2017-04-03,2017-04-12,2017-04-18
bedfac54dbb0,2017-04-06,2017-04-12,2017-04-18
ca3cdb092d49,2017-03-20,2017-04-12,2017-04-18
4f0c772a200a,2017-03-23,2017-04-12,2017-04-18
41aa322a57da,2017-04-03,2017-04-12,2017-04-18
7c853a6ca0cb,2017-04-08,2017-04-12,2017-04-13
41a9a77bdae8,2017-04-13,2017-04-13,2017-04-18
367821762b1b,2017-04-12,2017-04-12,2017-04-18
939ae811216d,2017-03-21,2017-04-12,2017-04-18
0fabe436dfe5,2017-04-13,2017-04-13,2017-04-18
6e00c6a8baa1,2017-03-26,2017-04-12,2017-04-18
f486a88c478e,2017-04-01,2017-04-12,2017-04-18
e3145bd4449b,2017-04-06,2017-04-12,2017-04-15
0cfca09b409e,2017-03-29,2017-04-12,2017-04-18
be0d76c106be,2017-04-13,2017-04-13,2017-04-18
a7088a0ffee6,2017-04-09,2017-04-12,2017-04-18
78da6c2c24d4,2017-03-29,2017-04-12,2017-04-18
2d3aa2972248,2017-03-17,2017-04-12,2017-04-16
9ee579533bdb,2017-03-19,2017-04-12,2017-04-17
482d58fe9ec0,2017-04-06,2017-04-12,2017-04-18
33b33d2d13f7,2017-03-31,2017-04-12,2017-04-18
a03588ddc02e,2017-03-21,2017-04-12,2017-04-18
fa73bdf0ae95,2017-03-22,2017-04-12,2017-04-18
de4450364266,2017-03-16,2017-04-12,2017-04-15
1fc99c41a63f,2017-04-09,2017-04-12,2017-04-18
43f6cf8cd776,2017-03-29,2017-04-12,2017-04-18
53a681fa27c6,2017-04-05,2017-04-12,2017-04-18
85562db28c18,2017-04-10,2017-04-12,2017-04-18
98ff9e170042,2017-03-27,2017-04-12,2017-04-18
d7d296c27ac5,2017-04-17,2017-04-17,2017-04-18
6f04d1cf659e,2017-03-27,2017-04-12,2017-04-18
35dac6f0e183,2017-04-10,2017-04-12,2017-04-18
83335129eeea,2017-04-11,2017-04-12,2017-04-18
a1b0c4ec0a36,2017-04-06,2017-04-12,2017-04-18
2dc00c090844,2017-03-24,2017-04-12,2017-04-18
b0fb4326ccb4,2017-03-21,2017-04-12,2017-04-18
7cc3657c4aa1,2017-04-11,2017-04-12,2017-04-18
27116c91c498,2017-04-11,2017-04-12,2017-04-18
f52802e41f61,2017-03-22,2017-04-12,2017-04-18
53884e69e24b,2017-03-26,2017-04-12,2017-04-18
a1906b7b25bf,2017-03-22,2017-04-12,2017-04-18
5408bd61400a,2017-04-14,2017-04-14,2017-04-18
9d4cc9018d43,2017-03-14,2017-04-12,2017-04-12
b68d75a9a5c0,2017-04-14,2017-04-14,2017-04-18
5a03cd46ba47,2017-04-11,2017-04-12,2017-04-18
a6ffb43f5d6d,2017-03-31,2017-04-12,2017-04-18
17d2a84ced1c,2017-03-21,2017-04-12,2017-04-18
a13e7c678747,2017-04-04,2017-04-12,2017-04-18
d60ee1317cfc,2017-03-22,2017-04-12,2017-04-18
24c6d1236908,2017-03-17,2017-04-12,2017-04-16
b46db00aa958,2017-03-28,2017-04-12,2017-04-18
acafe5d1f9d1,2017-03-14,2017-04-12,2017-04-13
0124909a5a1b,2017-04-06,2017-04-12,2017-04-18
848a9dfc71d0,2017-04-06,2017-04-12,2017-04-18
caccd60eeb7f,2017-04-07,2017-04-12,2017-04-18
ffac8675f99d,2017-04-08,2017-04-12,2017-04-18
7f19d5689fb9,2017-04-17,2017-04-17,2017-04-18
058b85803c8b,2017-04-05,2017-04-12,2017-04-18
b599b62a7ea1,2017-03-30,2017-04-12,2017-04-18
961de840cde5,2017-04-01,2017-04-12,2017-04-18
e39d7e5dfb35,2017-04-08,2017-04-12,2017-04-18
db1cfdd37a76,2017-03-23,2017-04-12,2017-04-18
a99e65d6889b,2017-03-27,2017-04-12,2017-04-18
a494b1d3b5ba,2017-03-20,2017-04-12,2017-04-18
56f1b18bf52c,2017-03-19,2017-04-12,2017-04-18
941dc1a71431,2017-04-16,2017-04-16,2017-04-18
cca2f964d650,2017-04-18,2017-04-18,2017-04-18
70a36a52b382,2017-04-17,2017-04-17,2017-04-18
1328fb9921bc,2017-04-09,2017-04-12,2017-04-18
e019b81b2a9a,2017-03-14,2017-04-12,2017-04-12
2bdef8baed9d,2017-03-15,2017-04-12,2017-04-14
a0bec48ff830,2017-04-01,2017-04-12,2017-04-18
621cff7ea985,2017-03-20,2017-04-12,2017-04-18
d252824754b1,2017-03-29,2017-04-12,2017-04-18
f42ba3825c17,2017-03-20,2017-04-12,2017-04-18
a9b83600e89e,2017-03-28,2017-04-12,2017-04-18
ed2a05cd898e,2017-03-18,2017-04-12,2017-04-16
1435a4b79102,2017-03-31,2017-04-12,2017-04-18
8eafe817e0a8,2017-03-28,2017-04-12,2017-04-18
5f0f2b9b2e27,2017-03-13,2017-04-12,2017-04-12
52bd8f3daa81,2017-04-05,2017-04-12,2017-04-14
f40991f6a54a,2017-03-24,2017-04-12,2017-04-18
367639998a1f,2017-04-09,2017-04-12,2017-04-18
1121b64c1084,2017-03-23,2017-04-12,2017-04-18
eeff324d7e2e,2017-03-14,2017-04-12,2017-04-13
ebce244a1555,2017-03-21,2017-04-12,2017-04-18
00fb42a27228,2017-04-13,2017-04-13,2017-04-18
83f76050d840,2017-03-26,2017-04-12,2017-04-18
03038dc5ee17,2017-04-08,2017-04-12,2017-04-18
343b3df25804,2017-03-24,2017-04-12,2017-04-18
c60fda45a737,2017-04-01,2017-04-12,2017-04-18
a6ddda8255b3,2017-03-16,2017-04-12,2017-04-15
2762e2c159f9,2017-03-15,2017-04-12,2017-04-14
5b7f87ee88a6,2017-04-16,2017-04-16,2017-04-18
89039967bd82,2017-04-06,2017-04-12,2017-04-18
a431bea05e80,2017-03-27,2017-04-12,2017-04-18
a9f610eefde4,2017-03-25,2017-04-12,2017-04-18
b05eb6cf6bd4,2017-03-31,2017-04-12,2017-04-18
d4d63ec88c42,2017-03-22,2017-04-12,2017-04-18
aa920c2dbdfb,2017-04-16,2017-04-16,2017-04-18
f80385add6c5,2017-04-02,2017-04-12,2017-04-18
4d7b453e00d5,2017-04-10,2017-04-12,2017-04-18
649bcde7ffba,2017-03-28,2017-04-12,2017-04-18
af78f4d9e9d5,2017-03-16,2017-04-12,2017-04-15
1ad2e6233fff,2017-04-01,2017-04-12,2017-04-18
4cea21ef05e9,2017-03-19,2017-04-12,2017-04-18
d3987c3712b6,2017-04-11,2017-04-12,2017-04-18
2a4efcfc91a9,2017-04-14,2017-04-14,2017-04-18
9046ca0a786c,2017-04-08,2017-04-12,2017-04-18
0a5d1904b2ad,2017-04-07,2017-04-12,2017-04-18
9899faae083f,2017-03-21,2017-04-12,2017-04-18
7b3a968a38ff,2017-04-06,2017-04-12,2017-04-18
533a198c4866,2017-04-05,2017-04-12,2017-04-18
c439a7b84407,2017-04-14,2017-04-14,2017-04-18
c520d9adfdff,2017-04-08,2017-04-12,2017-04-18
533a0c4e83d3,2017-04-11,2017-04-12,2017-04-18
b2387e832348,2017-03-22,2017-04-12,2017-04-18
9805f911600b,2017-03-16,2017-04-12,2017-04-15
e91991abd134,2017-04-08,2017-04-12,2017-04-18
8e7cb16fc194,2017-04-17,2017-04-17,2017-04-18
130c0f22bddd,2017-04-17,2017-04-17,2017-04-18
aad39dcb5c97,2017-04-06,2017-04-12,2017-04-18
8ad2f752511e,2017-03-21,2017-04-12,2017-04-18
f763c3e69779,2017-04-06,2017-04-12,2017-04-18
5c027e311b49,2017-04-07,2017-04-12,2017-04-18
3195e92ff196,2017-03-25,2017-04-12,2017-04-18
8e84137fec5c,2017-03-28,2017-04-12,2017-04-18
2be818f3cc95,2017-03-28,2017-04-12,2017-04-18
1f09378a67f0,2017-04-17,2017-04-17,2017-04-18
31e7eed95cad,2017-03-25,2017-04-12,2017-04-18
2bdf4007e7fb,2017-04-04,2017-04-12,2017-04-18
925b3c42218c,2017-04-11,2017-04-12,2017-04-18
451137bdb014,2017-03-22,2017-04-12,2017-04-18
d54741a70bdc,2017-04-07,2017-04-12,2017-04-18
414d5c129973,2017-04-17,2017-04-17,2017-04-18
fd10678bf983,2017-04-03,2017-04-12,2017-04-18
5ed59bfc7b63,2017-03-21,2017-04-12,2017-04-18
b1e42a83de66,2017-04-09,2017-04-12,2017-04-18
2c5925fd965e,2017-04-05,2017-04-12,2017-04-18
1c5e52f36e73,2017-03-23,2017-04-12,2017-04-18
d628f55c119b,2017-03-29,2017-04-12,2017-04-18
15c8cd5c816d,2017-04-12,2017-04-12,2017-04-18
0587453da5ff,2017-03-16,2017-04-12,2017-04-15
661c12ed2c93,2017-04-07,2017-04-12,2017-04-18
a9d2a10ba38b,2017-04-05,2017-04-12,2017-04-18
a80b30d03289,2017-03-24,2017-04-12,2017-04-18
e479ad309f73,2017-03-27,2017-04-12,2017-04-18
7cdd8233743d,2017-04-17,2017-04-17,2017-04-18
3c985af10c16,2017-04-04,2017-04-12,2017-04-18
7fe562ba0615,2017-04-10,2017-04-12,2017-04-18
3b7421e089cc,2017-03-25,2017-04-12,2017-04-18
a70c212a9d0e,2017-03-19,2017-04-12,2017-04-17
5ac4bbbebb8b,2017-04-17,2017-04-17,2017-04-18
31b9394bb499,2017-03-21,2017-04-12,2017-04-18
106796917d71,2017-04-10,2017-04-12,2017-04-18
82a332f4b8e5,2017-03-28,2017-04-12,2017-04-18
b51376447587,2017-04-08,2017-04-12,2017-04-18
31d78e9293ce,2017-04-13,2017-04-13,2017-04-18
e16d72403434,2017-04-10,2017-04-12,2017-04-16
8bfc48b9e834,2017-03-28,2017-04-12,2017-04-18
fce35c122e2b,2017-03-20,2017-04-12,2017-04-12
1b80a5a1c2b4,2017-04-14,2017-04-14,2017-04-18
e24d33dc46fa,2017-03-28,2017-04-12,2017-04-18
6c6dc8163f84,2017-03-23,2017-04-12,2017-04-18
ecdcef426330,2017-03-15,2017-04-12,2017-04-14
7495f2ffbd28,2017-04-12,2017-04-12,2017-04-18
b5adcf6d4968,2017-04-03,2017-04-12,2017-04-18
9727aa245915,2017-03-28,2017-04-12,2017-04-18
596bf2c07c5f,2017-03-16,2017-04-12,2017-04-15
a67c59c05de9,2017-03-15,2017-04-12,2017-04-13
9397993f5254,2017-03-16,2017-04-12,2017-04-14
21d4df04f251,2017-04-13,2017-04-13,2017-04-18
88b66d700220,2017-03-16,2017-04-12,2017-04-15
fdd951711d05,2017-04-16,2017-04-16,2017-04-18
e52482f2ffae,2017-03-27,2017-04-12,2017-04-18
13a795aac383,2017-03-22,2017-04-12,2017-04-18
73194fcaa4e3,2017-03-14,2017-04-12,2017-04-13
0a25422e06ba,2017-04-17,2017-04-17,2017-04-18
34f44fcb2d48,2017-03-23,2017-04-12,2017-04-18
cbd57043f5d3,2017-04-12,2017-04-12,2017-04-18
046168d2148f,2017-04-01,2017-04-12,2017-04-18
9c4dd9d34ceb,2017-03-16,2017-04-12,2017-04-15
363dd2ec12a1,2017-04-18,2017-04-18,2017-04-18
9f33ba55bddd,2017-04-18,2017-04-18,2017-04-18
70297afa6ce1,2017-04-01,2017-04-12,2017-04-18
329c34471362,2017-03-16,2017-04-12,2017-04-15
859fb3f410f6,2017-04-08,2017-04-12,2017-04-18
00f343b2c9e2,2017-03-13,2017-04-12,2017-04-12
e1bd56cb4ce3,2017-04-03,2017-04-12,2017-04-18
b4ffc029bc60,2017-04-17,2017-04-17,2017-04-18
be733ae67bce,2017-04-03,2017-04-12,2017-04-18
02fb15587951,2017-03-25,2017-04-12,2017-04-18
da45fdfc4a1f,2017-03-25,2017-04-12,2017-04-13
1e545e4fd892,2017-04-02,2017-04-12,2017-04-18
c761f4aa57e7,2017-04-05,2017-04-12,2017-04-18
963ecdcf8a7e,2017-04-01,2017-04-12,2017-04-18
711eedf292d1,2017-03-27,2017-04-12,2017-04-18
523e2a3a1694,2017-04-07,2017-04-12,2017-04-18
1026882bce17,2017-04-14,2017-04-14,2017-04-18
efc6b2940b46,2017-04-05,2017-04-12,2017-04-18
1b034a61f473,2017-04-17,2017-04-17,2017-04-18
38ea847370a5,2017-03-25,2017-04-12,2017-04-18
0c6171117184,2017-03-27,2017-04-12,2017-04-18
c0aff425ce71,2017-03-29,2017-04-12,2017-04-18
efcc63c974b9,2017-04-10,2017-04-12,2017-04-18
23b09d8fe851,2017-03-27,2017-04-12,2017-04-18
6928dfb99d13,2017-04-03,2017-04-12,2017-04-18
d0725e37c20b,2017-04-04,2017-04-12,2017-04-18
70b2e9b4df56,2017-03-21,2017-04-12,2017-04-18
b3209a58fa3e,2017-03-17,2017-04-12,2017-04-15
458c81447b32,2017-04-17,2017-04-17,2017-04-18
17baf4cbb523,2017-03-14,2017-04-12,2017-04-13
f716b3fea0ea,2017-03-28,2017-04-12,2017-04-18
6dd6bcfd33fb,2017-04-18,2017-04-18,2017-04-18
b7e74617bcf6,2017-04-03,2017-04-12,2017-04-18
4d5ca54347b9,2017-03-24,2017-04-12,2017-04-18
c1f411acb8c6,2017-04-10,2017-04-12,2017-04-18
69722c4782a0,2017-03-19,2017-04-12,2017-04-18
bf3b5d7a33ad,2017-04-09,2017-04-12,2017-04-12
023bcfa92607,2017-03-28,2017-04-12,2017-04-18
c4140c1e19b0,2017-04-17,2017-04-17,2017-04-18
41310a866ade,2017-03-14,2017-04-12,2017-04-13
b60ddd8ebe99,2017-04-06,2017-04-12,2017-04-18
03c398bba663,2017-04-13,2017-04-13,2017-04-18
51af6849bdda,2017-04-06,2017-04-12,2017-04-14
b060c4b9087d,2017-03-25,2017-04-12,2017-04-18
355b6713cc71,2017-04-14,2017-04-14,2017-04-18
f3cb2b6db842,2017-04-09,2017-04-12,2017-04-18
556da388684c,2017-04-10,2017-04-12,2017-04-18
9554f6899c43,2017-04-11,2017-04-12,2017-04-18
d494b9a66bdd,2017-04-16,2017-04-16,2017-04-18
095971f6e4f7,2017-03-19,2017-04-12,2017-04-17
9b427c073906,2017-03-24,2017-04-12,2017-04-18
042d8121c315,2017-04-07,2017-04-12,2017-04-18
73484ec642ac,2017-04-14,2017-04-14,2017-04-18
55efa4ae30b0,2017-04-04,2017-04-12,2017-04-18
82f2d81f029e,2017-03-29,2017-04-12,2017-04-18
46fd9aeb138e,2017-04-16,2017-04-16,2017-04-18
02b4e19b311a,2017-04-02,2017-04-12,2017-04-18
272961b95c70,2017-03-19,2017-04-12,2017-04-18
b960cfac3f7e,2017-03-29,2017-04-12,2017-04-18
3c1eaffcb576,2017-04-06,2017-04-12,2017-04-18
f99f438dede2,2017-04-13,2017-04-13,2017-04-18
16fc4e1f9309,2017-03-31,2017-04-12,2017-04-18
65d93cc0b6f6,2017-03-29,2017-04-12,2017-04-18
aea18d2c9588,2017-03-18,2017-04-12,2017-04-17
f178c36f294f,2017-03-14,2017-04-12,2017-04-13
0d6851c40040,2017-03-18,2017-04-12,2017-04-17
fb09a0795249,2017-03-16,2017-04-12,2017-04-14
2d2b6e52f271,2017-04-08,2017-04-12,2017-04-18
7c24f290ebca,2017-03-14,2017-04-12,2017-04-13
0232536bdd35,2017-04-06,2017-04-12,2017-04-18
f88d79d8eeb0,2017-03-16,2017-04-12,2017-04-15
a181c379bb89,2017-04-16,2017-04-16,2017-04-18
4f77dc35a093,2017-04-12,2017-04-12,2017-04-18
e249d24151b5,2017-03-18,2017-04-12,2017-04-17
f2d68daadfd0,2017-03-25,2017-04-12,2017-04-18
9868e84c445b,2017-04-17,2017-04-17,2017-04-18
9b97de2f3247,2017-03-23,2017-04-12,2017-04-18
28feddfc80df,2017-04-12,2017-04-12,2017-04-18
784329f7a9f3,2017-03-26,2017-04-12,2017-04-18
baeadb58ab7f,2017-03-14,2017-04-12,2017-04-13
c2c1a1500f39,2017-03-27,2017-04-12,2017-04-18
40e9bcfee2ee,2017-03-24,2017-04-12,2017-04-18
097d45dbecd1,2017-04-18,2017-04-18,2017-04-18
777cd446ee3f,2017-03-22,2017-04-12,2017-04-18
1aa8fd0e9404,2017-04-04,2017-04-12,2017-04-18
053e8220b512,2017-04-02,2017-04-12,2017-04-18
6777714a459d,2017-03-18,2017-04-12,2017-04-16
d595c1ea8aab,2017-03-14,2017-04-12,2017-04-13
4ed91f40d3dd,2017-03-28,2017-04-12,2017-04-18
84271066bf2a,2017-04-05,2017-04-12,2017-04-18
6420dfd5e8c7,2017-03-14,2017-04-12,2017-04-12
1c15a1c8ac6c,2017-03-20,2017-04-12,2017-04-18
546f1c74ec77,2017-03-29,2017-04-12,2017-04-18
726e9b5a8ae0,2017-04-17,2017-04-17,2017-04-18
cb52fd2c39f1,2017-04-10,2017-04-12,2017-04-18
66f5b99577e8,2017-03-20,2017-04-12,2017-04-18
8b0b13615234,2017-03-20,2017-04-12,2017-04-18
fd6ad6401fbf,2017-04-15,2017-04-15,2017-04-18
7edbde866409,2017-03-22,2017-04-12,2017-04-18
eead1ae85c31,2017-04-11,2017-04-12,2017-04-18
659345d056e7,2017-04-13,2017-04-13,2017-04-18
055752b2674b,2017-03-30,2017-04-12,2017-04-18
2f75ca7631a8,2017-04-04,2017-04-12,2017-04-18
c2d4b7d2c969,2017-04-16,2017-04-16,2017-04-18
59129f06cf8b,2017-04-13,2017-04-13,2017-04-18
a9eef3cdc5b8,2017-04-05,2017-04-12,2017-04-18
c082693e28c7,2017-04-07,2017-04-12,2017-04-18
b797229c2299,2017-03-20,2017-04-12,2017-04-18
3fe542ec7a42,2017-03-18,2017-04-12,2017-04-16
eea1b7ae61ec,2017-04-07,2017-04-12,2017-04-18
8b76fa6653de,2017-04-10,2017-04-12,2017-04-18
63ae57b49302,2017-04-07,2017-04-12,2017-04-18
bddfeb566295,2017-03-15,2017-04-12,2017-04-14
d69f4a2c6cc9,2017-04-07,2017-04-12,2017-04-18
a847da85c942,2017-04-04,2017-04-12,2017-04-18
87b3bb71e719,2017-04-03,2017-04-12,2017-04-18
b401c402ce4a,2017-03-18,2017-04-12,2017-04-17
ee184cb6093c,2017-04-11,2017-04-12,2017-04-18
ea1d1b162e1f,2017-04-03,2017-04-12,2017-04-18
447fe4db9d87,2017-04-05,2017-04-12,2017-04-18
79a307d198fd,2017-04-06,2017-04-12,2017-04-18
3febd70ee0e4,2017-04-09,2017-04-12,2017-04-18
a576e27d928a,2017-03-31,2017-04-12,2017-04-18
7707c4e17cb3,2017-03-26,2017-04-12,2017-04-18
74e3c895c486,2017-03-28,2017-04-12,2017-04-18
69f37527e359,2017-03-20,2017-04-12,2017-04-18
3eeaa71b929d,2017-04-09,2017-04-12,2017-04-18
28d11eb15db6,2017-04-08,2017-04-12,2017-04-18
27d3ce7b3fd5,2017-03-17,2017-04-12,2017-04-16
c48420a3b531,2017-03-30,2017-04-12,2017-04-18
03fdbfc0c424,2017-04-15,2017-04-15,2017-04-18
3929e1ffd010,2017-04-12,2017-04-12,2017-04-18
f3d7d7027ae2,2017-04-13,2017-04-13,2017-04-18
ae4a70bd7922,2017-04-04,2017-04-12,2017-04-18
aac1d43f7c76,2017-03-15,2017-04-12,2017-04-13
e5d6095d3b75,2017-04-16,2017-04-16,2017-04-18
7e5c16c2df14,2017-04-01,2017-04-12,2017-04-18
a0f859d3dac8,2017-04-10,2017-04-12,2017-04-18
de5c4cb7c9c5,2017-04-07,2017-04-12,2017-04-18
8ddeea4e3e68,2017-04-07,2017-04-12,2017-04-18
13d78ec5d00a,2017-04-16,2017-04-16,2017-04-18
2044bff0b473,2017-04-08,2017-04-12,2017-04-18
7df26958af78,2017-04-10,2017-04-12,2017-04-18
52c8e0af9c75,2017-04-15,2017-04-15,2017-04-18
ce5b89b114f8,2017-04-07,2017-04-12,2017-04-18
073b77da9a29,2017-04-09,2017-04-12,2017-04-18
5639f99dbb75,2017-03-14,2017-04-12,2017-04-13
7be00f8da882,2017-03-20,2017-04-12,2017-04-18
9446360a2d28,2017-03-14,2017-04-12,2017-04-13
93cdc4cd2dc2,2017-03-19,2017-04-12,2017-04-18
3a1295578b9a,2017-03-18,2017-04-12,2017-04-17
c9437a0be2a8,2017-03-16,2017-04-12,2017-04-14
bf7a31eb9666,2017-04-09,2017-04-12,2017-04-18
16fd51957e02,2017-03-29,2017-04-12,2017-04-18
1641ee68bcd0,2017-04-11,2017-04-12,2017-04-18
68923d18ea2e,2017-04-09,2017-04-12,2017-04-18
51d713adb306,2017-03-13,2017-04-12,2017-04-12
9185e42965bf,2017-04-07,2017-04-12,2017-04-18
2e420f7530e9,2017-04-12,2017-04-12,2017-04-18
846a84cda2ec,2017-04-09,2017-04-12,2017-04-18
f0e460469bcd,2017-03-16,2017-04-12,2017-04-14
88c42a32625d,2017-02-23,2017-04-12,2017-04-18
ac47dc4827e7,2017-04-09,2017-04-12,2017-04-18
407a912507a3,2017-03-15,2017-04-12,2017-04-13
c2ff3fb39cc4,2017-03-31,2017-04-12,2017-04-18
c01941580dd5,2017-03-13,2017-04-12,2017-04-12
4588f60cb67e,2017-04-09,2017-04-12,2017-04-18
628f296614fe,2017-04-11,2017-04-12,2017-04-18
268353862f83,2017-04-13,2017-04-13,2017-04-18
a07b72c8b9d9,2017-04-11,2017-04-12,2017-04-18
02dcd0227b8f,2017-03-30,2017-04-12,2017-04-18
95d91d4ead52,2017-03-29,2017-04-12,2017-04-18
f3b006764126,2017-04-17,2017-04-17,2017-04-18
e4e42de098c7,2017-03-15,2017-04-12,2017-04-14
da7a7ea06b62,2017-03-29,2017-04-12,2017-04-18
4eae343f7e91,2017-03-23,2017-04-12,2017-04-18
56a3d0fd6ea5,2017-03-15,2017-04-12,2017-04-14
f03fa2f8f787,2017-03-28,2017-04-12,2017-04-18
4bc66c7d25ed,2017-03-19,2017-04-12,2017-04-18
f95f19bbd42d,2017-03-29,2017-04-12,2017-04-18
45928ea3a8d4,2017-03-27,2017-04-12,2017-04-18
2554163ea7ec,2017-04-04,2017-04-12,2017-04-18
d1ca6400bb78,2017-03-29,2017-04-12,2017-04-15
d639e22f921a,2017-04-17,2017-04-17,2017-04-18
6a1c4bd65ab2,2017-04-05,2017-04-12,2017-04-18
84c4c31b6695,2017-04-09,2017-04-12,2017-04-18
58ece1cdca22,2017-03-20,2017-04-12,2017-04-18
4f3274bc511f,2017-03-19,2017-04-12,2017-04-18
850a2eacf199,2017-04-11,2017-04-12,2017-04-18
1ab66a20b782,2017-03-31,2017-04-12,2017-04-18
87c48256288f,2017-04-06,2017-04-12,2017-04-18
be269cd2c61c,2017-04-10,2017-04-12,2017-04-13
44cb8e7a55dd,2017-04-10,2017-04-12,2017-04-18
88e533e79914,2017-04-16,2017-04-16,2017-04-18
b7a99199342b,2017-03-30,2017-04-12,2017-04-18
17b03c306369,2017-03-14,2017-04-12,2017-04-12
537dd6c0b4ee,2017-04-13,2017-04-13,2017-04-18
6c18f845c09d,2017-03-23,2017-04-12,2017-04-18
5b856b97ae93,2017-04-14,2017-04-14,2017-04-18
5f5b92698f04,2017-04-07,2017-04-12,2017-04-18
3533518d0236,2017-04-12,2017-04-12,2017-04-18
283d10330f62,2017-03-16,2017-04-12,2017-04-14
05efb8467855,2017-03-29,2017-04-12,2017-04-18
c9b94c04b369,2017-03-29,2017-04-12,2017-04-18
e6ae5198ea1d,2017-04-16,2017-04-16,2017-04-18
4d035606d4ad,2017-04-04,2017-04-12,2017-04-18
b3a690f9423c,2017-03-23,2017-04-12,2017-04-18
228eccecfa98,2017-03-20,2017-04-12,2017-04-18
b117753df60a,2017-03-21,2017-04-12,2017-04-18
fd60eadef7c6,2017-03-30,2017-04-12,2017-04-18
cee4f8369920,2017-03-26,2017-04-12,2017-04-18
1162a08c0204,2017-03-20,2017-04-12,2017-04-18
0ac27a4521e3,2017-03-25,2017-04-12,2017-04-18
b0eaa832396c,2017-03-16,2017-04-12,2017-04-15
aa04b2f97518,2017-04-17,2017-04-17,2017-04-18
3d7c2b601aec,2017-04-03,2017-04-12,2017-04-18
d9f047eabae8,2017-04-07,2017-04-12,2017-04-18
612020d9bf76,2017-04-08,2017-04-12,2017-04-18
2d5917edb912,2017-03-19,2017-04-12,2017-04-18
44bc7366ca0f,2017-03-17,2017-04-12,2017-04-16
af344e876937,2017-04-11,2017-04-12,2017-04-18
02c2adccc516,2017-03-13,2017-04-12,2017-04-12
badc649d4c09,2017-04-08,2017-04-12,2017-04-18
286e5ad192cc,2017-03-29,2017-04-12,2017-04-18
e2f5c1740a92,2017-04-03,2017-04-12,2017-04-18
1183b512b2b7,2017-03-21,2017-04-12,2017-04-18
cfb4d8e362ef,2017-03-23,2017-04-12,2017-04-18
50b1a8391a2b,2017-03-23,2017-04-12,2017-04-18
9c22b034bc82,2017-04-13,2017-04-13,2017-04-18
7010a788d907,2017-04-13,2017-04-13,2017-04-18
6cc4b9017b9d,2017-03-29,2017-04-12,2017-04-18
f9e3e0a5d7b1,2017-04-09,2017-04-12,2017-04-18
13b28863b515,2017-04-07,2017-04-12,2017-04-18
40de69351d9a,2017-03-15,2017-04-12,2017-04-14
a1fe1473de66,2017-04-15,2017-04-15,2017-04-18
5de7946f2e59,2017-03-14,2017-04-12,2017-04-13
847cb006f3ca,2017-03-23,2017-04-12,2017-04-15
0dd069ebdd87,2017-03-23,2017-04-12,2017-04-18
24760bae4617,2017-03-19,2017-04-12,2017-04-17
2682165e3283,2017-03-26,2017-04-12,2017-04-18
4c6fe209dae2,2017-04-09,2017-04-12,2017-04-18
e142f76b0830,2017-04-12,2017-04-12,2017-04-18
28f8d8647a7c,2017-03-25,2017-04-12,2017-04-18
bc5657d073d7,2017-04-01,2017-04-12,2017-04-18
84635960d4ec,2017-03-31,2017-04-12,2017-04-18
7bbbc1ed73ca,2017-03-20,2017-04-12,2017-04-18
8e65da6f8f08,2017-04-09,2017-04-12,2017-04-18
ab951878aaad,2017-04-18,2017-04-18,2017-04-18
d610571b1f36,2017-04-12,2017-04-12,2017-04-18
44e086ca3981,2017-04-09,2017-04-12,2017-04-15
1af481c2cdb5,2017-04-09,2017-04-12,2017-04-18
e26ce42c11a0,2017-04-11,2017-04-12,2017-04-18
f9c7d33dbc0a,2017-04-17,2017-04-17,2017-04-18
f38bab6dc718,2017-04-03,2017-04-12,2017-04-18
7181ebb24e32,2017-03-21,2017-04-12,2017-04-18
0180a194b70b,2017-04-11,2017-04-12,2017-04-18
b7a37763a1ee,2017-04-02,2017-04-12,2017-04-18
ecdc0e4c0507,2017-03-14,2017-04-12,2017-04-13
8621ac5af835,2017-03-22,2017-04-12,2017-04-18
821b76613dbd,2017-04-15,2017-04-15,2017-04-18
c5472130ea0e,2017-03-30,2017-04-12,2017-04-18
dd69bb9bcfc9,2017-03-15,2017-04-12,2017-04-13
9c7f8f2f98f4,2017-03-25,2017-04-12,2017-04-18
df51921440a3,2017-04-01,2017-04-12,2017-04-18
bc261489b204,2017-04-10,2017-04-12,2017-04-18
780cfcdcbc48,2017-03-17,2017-04-12,2017-04-16
49936001131c,2017-04-13,2017-04-13,2017-04-18
27d5e27d8037,2017-04-10,2017-04-12,2017-04-18
9f63ac7d589d,2017-04-03,2017-04-12,2017-04-15
afec46e77280,2017-04-09,2017-04-12,2017-04-18
8daf8538d16d,2017-03-22,2017-04-12,2017-04-18
d45341c509b9,2017-03-26,2017-04-12,2017-04-18
c51dcf17bcb5,2017-04-13,2017-04-13,2017-04-18
948617767ecc,2017-04-03,2017-04-12,2017-04-18
32d192d561b3,2017-04-11,2017-04-12,2017-04-18
891ca29e0706,2017-03-28,2017-04-12,2017-04-18
b248b9e9638e,2017-04-18,2017-04-18,2017-04-18
6362e569425c,2017-04-13,2017-04-13,2017-04-18
131c6c54d28c,2017-04-05,2017-04-12,2017-04-14
75dafcbe4c94,2017-04-16,2017-04-16,2017-04-18
b4009e48c283,2017-04-17,2017-04-17,2017-04-18
8caa9dbda923,2017-04-05,2017-04-12,2017-04-18
4dbd8cfb62c0,2017-04-06,2017-04-12,2017-04-18
c1416bc5f4b5,2017-03-29,2017-04-12,2017-04-18
e7317ce92e74,2017-03-23,2017-04-12,2017-04-18
3aa7d83d2cfd,2017-04-07,2017-04-12,2017-04-18
f6b631e4b668,2017-04-18,2017-04-18,2017-04-18
f8942e688886,2017-04-17,2017-04-17,2017-04-18
29598dfb2496,2017-04-12,2017-04-12,2017-04-18
7a09dc217629,2017-03-28,2017-04-12,2017-04-18
785f6c88d0e0,2017-03-27,2017-04-12,2017-04-18
9806f41a8af7,2017-03-18,2017-04-12,2017-04-17
755e8a984015,2017-04-07,2017-04-12,2017-04-18
2ae6dc9e8691,2017-03-30,2017-04-12,2017-04-18
ae6bf5753700,2017-04-01,2017-04-12,2017-04-18
9dbfcae18a8a,2017-03-15,2017-04-12,2017-04-14
df0923971cef,2017-04-16,2017-04-16,2017-04-18
66c6a8ecca1b,2017-04-08,2017-04-12,2017-04-18
5d6e2e2ebf45,2017-04-11,2017-04-12,2017-04-17
a357f157b145,2017-04-14,2017-04-14,2017-04-18
e7c34b69792b,2017-04-02,2017-04-12,2017-04-18
38b62475e02b,2017-04-12,2017-04-12,2017-04-18
9001661a7722,2017-03-23,2017-04-12,2017-04-18
e21f5adecd6f,2017-04-02,2017-04-12,2017-04-18
ff09daf3fa50,2017-04-17,2017-04-17,2017-04-18
821dc0c48330,2017-04-02,2017-04-12,2017-04-18
da067b4a6872,2017-04-11,2017-04-12,2017-04-18
61af2bc8e87f,2017-03-14,2017-04-12,2017-04-13
c19487a48592,2017-03-19,2017-04-12,2017-04-18
aff78d6a38d1,2017-04-10,2017-04-12,2017-04-18
8a1bff2e5472,2017-04-05,2017-04-12,2017-04-18
83d2fe3a4e82,2017-03-29,2017-04-12,2017-04-18
fcd421f908f7,2017-03-21,2017-04-12,2017-04-18
55831903dda2,2017-04-14,2017-04-14,2017-04-18
2e8ebcbbb120,2017-04-12,2017-04-12,2017-04-18
26ae86dedf65,2017-03-30,2017-04-12,2017-04-18
1a253573c9da,2017-03-22,2017-04-12,2017-04-18
f306072376ba,2017-03-22,2017-04-12,2017-04-18
70aa9a5e611d,2017-04-10,2017-04-12,2017-04-18
9ae4cd60135f,2017-04-07,2017-04-12,2017-04-18
5bd7c35acc3f,2017-03-22,2017-04-12,2017-04-18
2f319437db0a,2017-03-24,2017-04-12,2017-04-18
bd4a173763df,2017-03-18,2017-04-12,2017-04-17
b44c9bc122e5,2017-04-15,2017-04-15,2017-04-18
b28200eda0a9,2017-03-17,2017-04-12,2017-04-16
6b1ebe1edc8b,2017-03-29,2017-04-12,2017-04-18
0f9cdb229f04,2017-03-24,2017-04-12,2017-04-18
8071875dd2d4,2017-03-28,2017-04-12,2017-04-18
0dbaa548eb68,2017-04-04,2017-04-12,2017-04-18
2bbd0dd87830,2017-03-14,2017-04-12,2017-04-13
79bd2c677642,2017-03-27,2017-04-12,2017-04-18
e47f1420636b,2017-04-07,2017-04-12,2017-04-18
a8c8aa577fb6,2017-03-31,2017-04-12,2017-04-18
ad5918232cb1,2017-04-16,2017-04-16,2017-04-18
a668a96eaf7a,2017-04-09,2017-04-12,2017-04-18
ee99795ec756,2017-04-03,2017-04-12,2017-04-18
e08ede3f3973,2017-04-05,2017-04-12,2017-04-18
e23341521ca6,2017-03-15,2017-04-12,2017-04-13
b084d3f1a379,2017-04-06,2017-04-12,2017-04-18
bc62383062ea,2017-03-15,2017-04-12,2017-04-13
3ae6883ab32e,2017-03-28,2017-04-12,2017-04-18
1e5a72dd3772,2017-03-19,2017-04-12,2017-04-18
52ab566685d4,2017-04-14,2017-04-14,2017-04-18
23c88d89d39f,2017-04-10,2017-04-12,2017-04-18
a77b35e25fb2,2017-04-17,2017-04-17,2017-04-18
a6ed2dd8cf49,2017-04-10,2017-04-12,2017-04-18
bd1538c0a06d,2017-03-22,2017-04-12,2017-04-18
5bbd43cf39be,2017-03-28,2017-04-12,2017-04-18
1ba79227571f,2017-03-30,2017-04-12,2017-04-18
f94a49c2c99c,2017-04-14,2017-04-14,2017-04-18
d043dca385a8,2017-04-13,2017-04-13,2017-04-18
2ffbf61d6ea3,2017-03-21,2017-04-12,2017-04-18
bd9dbc7a902e,2017-03-21,2017-04-12,2017-04-18
4570e5bf9f14,2017-04-07,2017-04-12,2017-04-18
c37d52ccc0f8,2017-03-16,2017-04-12,2017-04-15
71bbf2a3371d,2017-04-11,2017-04-12,2017-04-18
05241a4d3ba8,2017-04-03,2017-04-12,2017-04-18
7e60cc492e54,2017-03-27,2017-04-12,2017-04-18
b73bd17a457d,2017-03-19,2017-04-12,2017-04-17
eade06b57624,2017-04-14,2017-04-14,2017-04-18
37284955baa5,2017-04-01,2017-04-12,2017-04-18
30948edd6514,2017-03-30,2017-04-12,2017-04-18
da0cf05ad702,2017-03-28,2017-04-12,2017-04-18
80dfb7fb2b26,2017-04-05,2017-04-12,2017-04-18
7aca04ec9a97,2017-03-30,2017-04-12,2017-04-15
215e01f45ef8,2017-04-07,2017-04-12,2017-04-18
23fb264a1dc5,2017-04-11,2017-04-12,2017-04-18
7deaeea3e143,2017-03-19,2017-04-12,2017-04-18
420fe01b59c1,2017-03-22,2017-04-12,2017-04-18
d3330c6aa238,2017-04-05,2017-04-12,2017-04-18
cf4acee8c3c6,2017-03-25,2017-04-12,2017-04-18
3f99b5efbbdd,2017-03-25,2017-04-12,2017-04-18
fcbd4766975c,2017-04-11,2017-04-12,2017-04-18
bf7f92aa3be4,2017-04-17,2017-04-17,2017-04-18
271f717cb131,2017-04-05,2017-04-12,2017-04-18
5019751db35c,2017-03-30,2017-04-12,2017-04-18
692ae60c42a1,2017-03-21,2017-04-12,2017-04-18
c1806f6c142b,2017-03-28,2017-04-12,2017-04-18
463d057f73f6,2017-03-28,2017-04-12,2017-04-18
f4a030ed9464,2017-04-06,2017-04-12,2017-04-18
78920140c1e0,2017-03-28,2017-04-12,2017-04-18
92c6db302e5f,2017-03-31,2017-04-12,2017-04-18
862c6abccbff,2017-04-13,2017-04-13,2017-04-18
fff8259a87e6,2017-03-23,2017-04-12,2017-04-18
c464fc2539eb,2017-03-16,2017-04-12,2017-04-15
4379c6eca6c5,2017-04-09,2017-04-12,2017-04-18
935245c81e9c,2017-04-12,2017-04-12,2017-04-18
bf36323e9554,2017-03-31,2017-04-12,2017-04-18
e3168a5de797,2017-04-02,2017-04-12,2017-04-18
0f9ac56d555e,2017-03-20,2017-04-12,2017-04-18
cee518bb9387,2017-03-30,2017-04-12,2017-04-18
bb9e62545a2d,2017-03-31,2017-04-12,2017-04-18
4651c8fc6fc3,2017-04-07,2017-04-12,2017-04-18
8a026163173b,2017-03-25,2017-04-12,2017-04-18
23526fa0df98,2017-03-24,2017-04-12,2017-04-18
991dca5b9d62,2017-03-21,2017-04-12,2017-04-18
bb3a9f69eab9,2017-03-18,2017-04-12,2017-04-17
06e1e1041157,2017-03-26,2017-04-12,2017-04-18
24230c6359a1,2017-03-20,2017-04-12,2017-04-18
4d96ce8f8b15,2017-04-05,2017-04-12,2017-04-18
79a1ee0e4c6b,2017-04-10,2017-04-12,2017-04-15
28d92acaac8c,2017-04-10,2017-04-12,2017-04-18
948f4a2b01b7,2017-03-19,2017-04-12,2017-04-18
123721f1d446,2017-03-31,2017-04-12,2017-04-18
2b985a38433c,2017-04-05,2017-04-12,2017-04-18
d26b1510fdd0,2017-03-14,2017-04-12,2017-04-13
7a74974b38e2,2017-03-17,2017-04-12,2017-04-15
83b2d034dcd2,2017-03-30,2017-04-12,2017-04-18
ccf2258242b0,2017-03-24,2017-04-12,2017-04-18
5be15db24254,2017-03-21,2017-04-12,2017-04-18
6798c52b7bd8,2017-04-12,2017-04-12,2017-04-18
11880f8b5ff3,2017-04-11,2017-04-12,2017-04-18
ebf112d3cb67,2017-03-27,2017-04-12,2017-04-18
3a4b07946e12,2017-04-15,2017-04-15,2017-04-18
0cc8eca32cf7,2017-04-04,2017-04-12,2017-04-18
846a9dca60d9,2017-03-29,2017-04-12,2017-04-18
a92f92c2e521,2017-03-23,2017-04-12,2017-04-18
e97b263a2ad0,2017-04-12,2017-04-12,2017-04-18
6f882abe6693,2017-04-07,2017-04-12,2017-04-18
f29195f8c86d,2017-03-15,2017-04-12,2017-04-14
54d9ed9d3c4a,2017-03-15,2017-04-12,2017-04-13
f394d3e60d68,2017-04-18,2017-04-18,2017-04-18
fac83c86c316,2017-04-13,2017-04-13,2017-04-18
4702f271f264,2017-04-13,2017-04-13,2017-04-18
4507822f67c4,2017-04-10,2017-04-12,2017-04-18
3835b6bf25ae,2017-03-31,2017-04-12,2017-04-18
6a91b370f5eb,2017-03-26,2017-04-12,2017-04-18
a3a48d286e07,2017-03-19,2017-04-12,2017-04-18
9bea02952159,2017-04-10,2017-04-12,2017-04-18
52a01125ea63,2017-03-31,2017-04-12,2017-04-18
6b638f1feb5a,2017-04-10,2017-04-12,2017-04-18
7d3c7e7f7db5,2017-04-16,2017-04-16,2017-04-18
f8920d308041,2017-04-02,2017-04-12,2017-04-18
d8aa0627abfb,2017-04-11,2017-04-12,2017-04-18
648b81d57053,2017-03-26,2017-04-12,2017-04-18
2a6c8125341c,2017-03-25,2017-04-12,2017-04-18
4c29b8c0d738,2017-03-26,2017-04-12,2017-04-18
0631effe9943,2017-04-01,2017-04-12,2017-04-18
ac3e947e37e3,2017-03-16,2017-04-12,2017-04-15
7c921ef655cd,2017-04-14,2017-04-14,2017-04-18
5e6148d1601f,2017-03-20,2017-04-12,2017-04-18
bed3d00f072c,2017-04-10,2017-04-12,2017-04-18
e25f236e456c,2017-04-15,2017-04-15,2017-04-18
1103ee6d1a00,2017-04-01,2017-04-12,2017-04-18
bf257191efc9,2017-04-17,2017-04-17,2017-04-18
88928b8c6f09,2017-04-04,2017-04-12,2017-04-18
e5eaf35891db,2017-03-27,2017-04-12,2017-04-18
112f683be8eb,2017-04-04,2017-04-12,2017-04-18
fd0a24a85ff4,2017-03-31,2017-04-12,2017-04-18
90c26f10ba5b,2017-04-16,2017-04-16,2017-04-18
6626ec2fba2d,2017-04-16,2017-04-16,2017-04-18
c744a0b0ab8d,2017-03-29,2017-04-12,2017-04-18
d8d85415a9b7,2017-04-01,2017-04-12,2017-04-18
d98ec8801303,2017-03-21,2017-04-12,2017-04-18
43867e3e9989,2017-04-05,2017-04-12,2017-04-18
642534d3f85f,2017-04-01,2017-04-12,2017-04-18
6341006cfd24,2017-04-07,2017-04-12,2017-04-18
0c3a3807573b,2017-04-03,2017-04-12,2017-04-18
02a0feb52ce5,2017-04-01,2017-04-12,2017-04-18
8cabe08a1f68,2017-04-01,2017-04-12,2017-04-14
b727ad82de53,2017-04-14,2017-04-14,2017-04-18
7b2bc6694a7a,2017-03-31,2017-04-12,2017-04-18
9e5d1732f631,2017-03-13,2017-04-12,2017-04-12
10b28b8050d7,2017-04-16,2017-04-16,2017-04-18
a6d7e9de07d5,2017-04-04,2017-04-12,2017-04-18
763062521bd2,2017-03-13,2017-04-12,2017-04-12
19000a23a4d8,2017-04-04,2017-04-12,2017-04-18
08be2398c6e4,2017-03-28,2017-04-12,2017-04-18
bb00aff856d9,2017-04-11,2017-04-12,2017-04-18
b2d459bd260d,2017-04-02,2017-04-12,2017-04-18
b516be79394a,2017-03-23,2017-04-12,2017-04-18
2cf96fd073e7,2017-04-06,2017-04-12,2017-04-18
4961d89a5deb,2017-04-07,2017-04-12,2017-04-18
76b9c9b3eb83,2017-03-30,2017-04-12,2017-04-18
c620c025ce8e,2017-03-20,2017-04-12,2017-04-18
ca1f52892e15,2017-04-09,2017-04-12,2017-04-18
b81ea6abf728,2017-03-30,2017-04-12,2017-04-18
d17d1aa8cc5a,2017-04-14,2017-04-14,2017-04-18
0eb160139905,2017-03-23,2017-04-12,2017-04-18
035ecef2892c,2017-03-31,2017-04-12,2017-04-18
63ec8fd182a2,2017-04-10,2017-04-12,2017-04-18
afb08c3abd93,2017-04-07,2017-04-12,2017-04-18
dc7841cd99c8,2017-04-12,2017-04-12,2017-04-18
22975a5678e0,2017-04-04,2017-04-12,2017-04-18
4b46493253cf,2017-04-01,2017-04-12,2017-04-18
cd8e30a563e9,2017-03-22,2017-04-12,2017-04-18
db50353f7420,2017-04-10,2017-04-12,2017-04-18
b4aee52d4997,2017-03-31,2017-04-12,2017-04-18
df086d754310,2017-03-24,2017-04-12,2017-04-18
830240d51574,2017-03-28,2017-04-12,2017-04-18
090593d84b79,2017-04-05,2017-04-12,2017-04-18
826a9737ba68,2017-03-20,2017-04-12,2017-04-18
a81ce0959ca6,2017-04-09,2017-04-12,2017-04-18
f6cb7421f123,2017-04-13,2017-04-13,2017-04-18
8ed494dbf006,2017-03-16,2017-04-12,2017-04-15
1923271393ff,2017-03-19,2017-04-12,2017-04-18
8581ee1d84fa,2017-04-07,2017-04-12,2017-04-18
475e25d88a0e,2017-03-14,2017-04-12,2017-04-12
9a83c2a8955b,2017-04-08,2017-04-12,2017-04-18
bd58672a08f3,2017-04-03,2017-04-12,2017-04-18
4e77cfea06f3,2017-04-11,2017-04-12,2017-04-18
2d5d2e781eca,2017-03-21,2017-04-12,2017-04-18
5b60805844a6,2017-04-06,2017-04-12,2017-04-18
813e68c7938e,2017-04-05,2017-04-12,2017-04-18
e2ece106f5f5,2017-03-14,2017-04-12,2017-04-13
653df7497ac3,2017-04-03,2017-04-12,2017-04-18
30a518c56adf,2017-04-12,2017-04-12,2017-04-18
a19766cc543a,2017-03-30,2017-04-12,2017-04-15
2a30effdd44e,2017-04-16,2017-04-16,2017-04-18
cab8dc04848b,2017-03-24,2017-04-12,2017-04-18
ca8bc559876c,2017-04-14,2017-04-14,2017-04-18
21d38525d419,2017-03-28,2017-04-12,2017-04-18
1158c58480f7,2017-03-16,2017-04-12,2017-04-15
8b30ef14a90c,2017-03-24,2017-04-12,2017-04-18
39412b51b755,2017-04-10,2017-04-12,2017-04-18
7487784303b0,2017-03-20,2017-04-12,2017-04-18
86a8bbcc55a0,2017-03-20,2017-04-12,2017-04-18
b1e65ee008b4,2017-04-12,2017-04-12,2017-04-18
e2875b35f608,2017-03-18,2017-04-12,2017-04-17
01d38f9b6ab7,2017-04-15,2017-04-15,2017-04-18
696b26d4024b,2017-04-06,2017-04-12,2017-04-18
f65d5de75512,2017-04-02,2017-04-12,2017-04-18
3e91e86f7095,2017-04-16,2017-04-16,2017-04-18
7720b6287ee5,2017-04-03,2017-04-12,2017-04-18
0d60c03e9afd,2017-03-13,2017-04-12,2017-04-12
9f1684098256,2017-03-19,2017-04-12,2017-04-18
d1234fa2ab3e,2017-04-01,2017-04-12,2017-04-18
88bb4927a6fc,2017-03-24,2017-04-12,2017-04-18
dc50b66c2ade,2017-03-29,2017-04-12,2017-04-18
92f1354e0ad9,2017-04-03,2017-04-12,2017-04-18
c068fcd8fd1a,2017-03-20,2017-04-12,2017-04-18
dead6e8e07aa,2017-04-02,2017-04-12,2017-04-18
c03dc83b650c,2017-04-11,2017-04-12,2017-04-18
f3b1c4eb785e,2017-03-24,2017-04-12,2017-04-18
20642434d3ce,2017-03-23,2017-04-12,2017-04-18
e204d51538e0,2017-03-23,2017-04-12,2017-04-18
0f5d716d1e6d,2017-04-18,2017-04-18,2017-04-18
e997b217fb3e,2017-04-01,2017-04-12,2017-04-18
7dc370ff4c7b,2017-04-10,2017-04-12,2017-04-18
507aafc960af,2017-03-14,2017-04-12,2017-04-12
a3e930eb7ef9,2017-04-04,2017-04-12,2017-04-18
cfb4c9f2f658,2017-03-25,2017-04-12,2017-04-18
b331c3395146,2017-04-07,2017-04-12,2017-04-18
17885c999c15,2017-03-20,2017-04-12,2017-04-18
944de3cf9b12,2017-03-31,2017-04-12,2017-04-18
2856909b27e0,2017-03-14,2017-04-12,2017-04-12
a35982c58ab1,2017-04-11,2017-04-12,2017-04-18
90abcdc73224,2017-03-22,2017-04-12,2017-04-14
21bea33b05e1,2017-04-08,2017-04-12,2017-04-18
a3a6c7ea182c,2017-03-19,2017-04-12,2017-04-18
a75089e3ed01,2017-04-09,2017-04-12,2017-04-18
a9c94e25825d,2017-04-13,2017-04-13,2017-04-18
350959239927,2017-03-20,2017-04-12,2017-04-18
dda69a7745bb,2017-04-17,2017-04-17,2017-04-18
165aa1e51297,2017-04-12,2017-04-12,2017-04-18
09e568049344,2017-03-14,2017-04-12,2017-04-12
35930853f870,2017-03-14,2017-04-12,2017-04-13
9745a30e0092,2017-04-06,2017-04-12,2017-04-18
8297f552f5c5,2017-04-10,2017-04-12,2017-04-17
3af0bf9eae6d,2017-04-17,2017-04-17,2017-04-18
1cb9fd3e6771,2017-04-11,2017-04-12,2017-04-18
e55a5ba500b2,2017-04-10,2017-04-12,2017-04-18
1483e97ee673,2017-03-23,2017-04-12,2017-04-18
78aa045af86f,2017-03-30,2017-04-12,2017-04-18
755c27e7b988,2017-04-09,2017-04-12,2017-04-18
efa6820d8b38,2017-04-17,2017-04-17,2017-04-18
43249291cac5,2017-03-18,2017-04-12,2017-04-16
44b5f560b538,2017-04-17,2017-04-17,2017-04-18
3ecc73923d28,2017-03-22,2017-04-12,2017-04-18
8c672ef7afad,2017-04-10,2017-04-12,2017-04-18
205e3ba80c83,2017-03-17,2017-04-12,2017-04-16
7ef8e12bb2e5,2017-03-31,2017-04-12,2017-04-18
8371e5a2b136,2017-03-16,2017-04-12,2017-04-15
a33f4d30e25f,2017-03-21,2017-04-12,2017-04-18
215c7ff70668,2017-04-07,2017-04-12,2017-04-18
22e2b85d6c55,2017-03-23,2017-04-12,2017-04-18
6b74e48b510e,2017-04-17,2017-04-17,2017-04-18
1af910282ca6,2017-04-01,2017-04-12,2017-04-18
1da31fa7fdd8,2017-03-29,2017-04-12,2017-04-18
e8e40c1976f9,2017-04-01,2017-04-12,2017-04-18
cfbc392a043c,2017-04-17,2017-04-17,2017-04-18
23f4bcb7840f,2017-04-06,2017-04-12,2017-04-18
60c9437476af,2017-03-21,2017-04-12,2017-04-18
4043dc1da433,2017-04-12,2017-04-12,2017-04-18
e5b51a27348e,2017-03-30,2017-04-12,2017-04-18
69f53eda19bd,2017-03-22,2017-04-12,2017-04-18
e61a713757be,2017-03-23,2017-04-12,2017-04-18
2cb0f036414f,2017-04-10,2017-04-12,2017-04-18
441b6b887a02,2017-03-30,2017-04-12,2017-04-18
fde5a564f096,2017-03-19,2017-04-12,2017-04-17
78fa50316511,2017-04-11,2017-04-12,2017-04-18
7366929f11ed,2017-03-14,2017-04-12,2017-04-13
f5be800d0942,2017-04-10,2017-04-12,2017-04-18
544da1ffeae2,2017-04-18,2017-04-18,2017-04-18
6c973eda8ffa,2017-04-06,2017-04-12,2017-04-18
2e47d97d01eb,2017-04-04,2017-04-12,2017-04-18
0707d21647ca,2017-03-15,2017-04-12,2017-04-14
04c0941a53ad,2017-03-15,2017-04-12,2017-04-13
e4880ec1644d,2017-03-23,2017-04-12,2017-04-18
ca1f39a15bed,2017-03-21,2017-04-12,2017-04-18
8fc360e141dc,2017-04-12,2017-04-12,2017-04-18
25dcc7087080,2017-03-20,2017-04-12,2017-04-18
ceed5da72d73,2017-04-17,2017-04-17,2017-04-18
1807ed1383fc,2017-04-03,2017-04-12,2017-04-18
75cb59520d25,2017-03-21,2017-04-12,2017-04-18
575cf5d219de,2017-03-18,2017-04-12,2017-04-17
8d40927b9c52,2017-03-29,2017-04-12,2017-04-18
1d1dfa754b48,2017-03-20,2017-04-12,2017-04-18
1bb27b41da5f,2017-03-26,2017-04-12,2017-04-18
09afe1974e86,2017-03-29,2017-04-12,2017-04-18
33bea3bfa70f,2017-04-05,2017-04-12,2017-04-18
cf2851dabca9,2017-04-06,2017-04-12,2017-04-18
0c2bd6768560,2017-03-14,2017-04-12,2017-04-12
b125f7f82950,2017-03-18,2017-04-12,2017-04-17
e54e77952a63,2017-04-17,2017-04-17,2017-04-18
e4bc7729fc62,2017-04-09,2017-04-12,2017-04-18
0bfb561b741b,2017-03-29,2017-04-12,2017-04-18
e9a976a074f7,2017-03-27,2017-04-12,2017-04-18
a29d27834a73,2017-04-02,2017-04-12,2017-04-18
8107d2905db7,2017-03-29,2017-04-12,2017-04-18
c03c9e4cd3b2,2017-03-18,2017-04-12,2017-04-17
1a684760ce20,2017-03-23,2017-04-12,2017-04-18
04b0da17e50f,2017-04-03,2017-04-12,2017-04-18
e22ebf500c06,2017-04-08,2017-04-12,2017-04-18
a68340580c7f,2017-03-06,2017-04-12,2017-04-15
d49a467cd5ec,2017-04-03,2017-04-12,2017-04-18
7e9712face71,2017-04-13,2017-04-13,2017-04-18
c3852369918a,2017-04-14,2017-04-14,2017-04-18
f0d4e81763ac,2017-04-09,2017-04-12,2017-04-18
036c2936a581,2017-04-06,2017-04-12,2017-04-18
a7a6b5c307b0,2017-04-15,2017-04-15,2017-04-18
b656111985f8,2017-03-16,2017-04-12,2017-04-13
792446da8158,2017-03-18,2017-04-12,2017-04-17
954c8e989961,2017-03-17,2017-04-12,2017-04-15
9aa123aef014,2017-03-24,2017-04-12,2017-04-18
5e1bfe75cda3,2017-03-22,2017-04-12,2017-04-18
65d3803b9613,2017-03-25,2017-04-12,2017-04-18
f133491d066a,2017-04-08,2017-04-12,2017-04-18
264f384ef180,2017-04-06,2017-04-12,2017-04-18
399669fe9ef2,2017-03-27,2017-04-12,2017-04-18
987a53474517,2017-03-29,2017-04-12,2017-04-18
18b76e0de4ce,2017-04-02,2017-04-12,2017-04-18
fb32846dafda,2017-04-01,2017-04-12,2017-04-18
969abfd47cce,2017-03-27,2017-04-12,2017-04-18
0d998419eb28,2017-03-18,2017-04-12,2017-04-17
b78ab11ad289,2017-03-25,2017-04-12,2017-04-18
d8dbef7e4ae8,2017-03-21,2017-04-12,2017-04-18
609e467a1a65,2017-04-12,2017-04-12,2017-04-18
72ef88bfe7c1,2017-03-26,2017-04-12,2017-04-18
31297a0f29b1,2017-03-27,2017-04-12,2017-04-18
1082b21c0b28,2017-04-03,2017-04-12,2017-04-18
c283e68b0fea,2017-04-05,2017-04-12,2017-04-18
1a48cad8a977,2017-03-30,2017-04-12,2017-04-16
6fa6da4139fc,2017-03-15,2017-04-12,2017-04-14
9c20e276edfe,2017-03-15,2017-04-12,2017-04-14
d30947c67b95,2017-03-30,2017-04-12,2017-04-18
5617c1d87ed8,2017-03-28,2017-04-12,2017-04-18
e316c0183a64,2017-03-30,2017-04-12,2017-04-18
604abd40de41,2017-04-16,2017-04-16,2017-04-18
ead29c882026,2017-04-04,2017-04-12,2017-04-18
71c94399a10c,2017-04-06,2017-04-12,2017-04-18
e4fb2acbe5b2,2017-04-08,2017-04-12,2017-04-14
778c3ef65882,2017-04-12,2017-04-12,2017-04-18
678d6b2450f5,2017-03-22,2017-04-12,2017-04-18
61ed6b6d4f92,2017-04-15,2017-04-15,2017-04-18
2041c54828a2,2017-04-05,2017-04-12,2017-04-18
116775a68640,2017-04-01,2017-04-12,2017-04-18
bd8374859152,2017-03-14,2017-04-12,2017-04-12
49e2c49509f6,2017-03-22,2017-04-12,2017-04-18
40a8984c0b7b,2017-03-15,2017-04-12,2017-04-14
7bc816ded9b5,2017-03-16,2017-04-12,2017-04-15
07fc92d60b11,2017-03-30,2017-04-12,2017-04-18
b6e96895cb43,2017-04-11,2017-04-12,2017-04-18
9deb39427bcd,2017-04-17,2017-04-17,2017-04-18
021cbb916cc2,2017-03-16,2017-04-12,2017-04-15
6effa04a17f7,2017-03-22,2017-04-12,2017-04-18
b4748319504e,2017-04-01,2017-04-12,2017-04-18
cb144d6fd25d,2017-03-31,2017-04-12,2017-04-18
d4222b566172,2017-03-30,2017-04-12,2017-04-18
1fddefcc0d39,2017-04-01,2017-04-12,2017-04-18
5f112bb9003b,2017-03-15,2017-04-12,2017-04-13
53b2c26088cb,2017-03-24,2017-04-12,2017-04-18
8424b25ff129,2017-04-11,2017-04-12,2017-04-18
0f4edee67893,2017-04-14,2017-04-14,2017-04-18
2bca618dc26b,2017-04-03,2017-04-12,2017-04-18
99c15a352e2a,2017-04-05,2017-04-12,2017-04-18
350bfd8f4f1a,2017-04-13,2017-04-13,2017-04-15
fe65aaf290db,2017-03-20,2017-04-12,2017-04-18
d68c35e87d37,2017-04-01,2017-04-12,2017-04-18
4b1dc11e1b2e,2017-03-24,2017-04-12,2017-04-18
afa541137d7e,2017-03-17,2017-04-12,2017-04-16
88d956ec115b,2017-04-07,2017-04-12,2017-04-18
8a550dbf5f0a,2017-04-09,2017-04-12,2017-04-18
1f6046a2b2c4,2017-04-04,2017-04-12,2017-04-18
4f55ad4a984d,2017-04-17,2017-04-17,2017-04-18
a6aa5f68f499,2017-04-17,2017-04-17,2017-04-18
6a871d810900,2017-03-20,2017-04-12,2017-04-18
04c5d1fe26b6,2017-03-25,2017-04-12,2017-04-18
85de53880e33,2017-04-02,2017-04-12,2017-04-18
0e0d2dde40bc,2017-03-19,2017-04-12,2017-04-18
44266fa906cf,2017-03-17,2017-04-12,2017-04-16
23ea5f75dee1,2017-04-12,2017-04-12,2017-04-18
ce0050e4da19,2017-04-01,2017-04-12,2017-04-18
566fab028100,2017-03-24,2017-04-12,2017-04-18
4a4869e4194e,2017-03-18,2017-04-12,2017-04-17
b5a98bff7c3f,2017-04-13,2017-04-13,2017-04-18
b5e3410ad091,2017-04-10,2017-04-12,2017-04-18
18180ccf614c,2017-03-18,2017-04-12,2017-04-17
a00c59734a34,2017-04-04,2017-04-12,2017-04-18
1b2036d66474,2017-04-05,2017-04-12,2017-04-18
6f705af9bba8,2017-03-27,2017-04-12,2017-04-18
6282517eeb8f,2017-04-11,2017-04-12,2017-04-18
e28ae6538965,2017-03-26,2017-04-12,2017-04-18
c149761dbb36,2017-03-27,2017-04-12,2017-04-18
c6b8e89cc5a0,2017-04-08,2017-04-12,2017-04-18
15b0214d8b3d,2017-03-27,2017-04-12,2017-04-18
f8c173ce6e3b,2017-03-16,2017-04-12,2017-04-15
2aee510485d5,2017-04-18,2017-04-18,2017-04-18
6ec98a656fee,2017-03-27,2017-04-12,2017-04-18
0afc8eed0c02,2017-04-12,2017-04-12,2017-04-18
9cf83d48334b,2017-03-18,2017-04-12,2017-04-16
d701dc8defc0,2017-03-18,2017-04-12,2017-04-17
91094c3a548e,2017-04-17,2017-04-17,2017-04-18
2c44c6223b92,2017-04-09,2017-04-12,2017-04-18
45668f850a0b,2017-04-10,2017-04-12,2017-04-18
19542386ca8b,2017-03-25,2017-04-12,2017-04-18
5e21680a0958,2017-04-03,2017-04-12,2017-04-18
fb70ecf99143,2017-03-27,2017-04-12,2017-04-15
e47e7ae68497,2017-04-13,2017-04-13,2017-04-18
d39c44a85cb5,2017-03-14,2017-04-12,2017-04-13
533786ce18ca,2017-04-11,2017-04-12,2017-04-18
d7c6a51a05f1,2017-04-10,2017-04-12,2017-04-18
a4de3e3d6a71,2017-04-10,2017-04-12,2017-04-18
35167a441c22,2017-03-15,2017-04-12,2017-04-13
7911eb63d039,2017-04-11,2017-04-12,2017-04-18
1873c59bfbb9,2017-04-18,2017-04-18,2017-04-18
15f2765ce02b,2017-04-13,2017-04-13,2017-04-18
2a80cc10c2e4,2017-03-17,2017-04-12,2017-04-16
cdbe10666972,2017-04-13,2017-04-13,2017-04-18
8a6c31da7739,2017-03-19,2017-04-12,2017-04-18
10ebbd047bf6,2017-04-03,2017-04-12,2017-04-18
3ace8dfbbad9,2017-03-20,2017-04-12,2017-04-18
fe744af46082,2017-03-20,2017-04-12,2017-04-18
149165a9bb27,2017-03-21,2017-04-12,2017-04-18
bd25b2a28e16,2017-04-03,2017-04-12,2017-04-18
4f94cdf83f71,2017-04-17,2017-04-17,2017-04-18
9a05232869e8,2017-04-16,2017-04-16,2017-04-18
e3a5d9ea7dbc,2017-03-31,2017-04-12,2017-04-18
da6aa2c89efc,2017-03-26,2017-04-12,2017-04-18
6d620b5f65b8,2017-04-01,2017-04-12,2017-04-18
e4436b1ee59b,2017-03-20,2017-04-12,2017-04-18
025ad2be922e,2017-03-23,2017-04-12,2017-04-18
135048803d2b,2017-04-09,2017-04-12,2017-04-18
fa8be3fc82df,2017-03-28,2017-04-12,2017-04-18
140bd241a4e2,2017-03-14,2017-04-12,2017-04-13
7bd2d38a2c16,2017-04-10,2017-04-12,2017-04-18
a2c4c6ab6377,2017-04-02,2017-04-12,2017-04-18
50d10424780f,2017-03-31,2017-04-12,2017-04-18
c622a4651067,2017-03-31,2017-04-12,2017-04-18
b8477320894c,2017-04-15,2017-04-16,2017-04-18
7f68b4caa751,2017-04-18,2017-04-18,2017-04-18
22b498ee926e,2017-04-17,2017-04-17,2017-04-18
f733f7792054,2017-03-26,2017-04-12,2017-04-18
2ad77ca2c08a,2017-04-06,2017-04-12,2017-04-18
d12d0cbf9c59,2017-03-30,2017-04-12,2017-04-18
ca67daba35ce,2017-03-17,2017-04-12,2017-04-15
8a3a22273a9f,2017-02-11,2017-04-12,2017-04-14
8af9ace6610f,2017-04-08,2017-04-12,2017-04-18
9f02aca15362,2017-03-14,2017-04-12,2017-04-12
73f7c378987c,2017-04-03,2017-04-12,2017-04-18
7288c5b6fa15,2017-04-13,2017-04-13,2017-04-18
3c87b8a22597,2017-04-01,2017-04-12,2017-04-18
c3c47bd7a5d5,2017-03-21,2017-04-12,2017-04-18
8c3cf35a3010,2017-04-11,2017-04-12,2017-04-18
06eaa20e1a13,2017-03-16,2017-04-12,2017-04-15
b7958938dc5c,2017-04-02,2017-04-12,2017-04-18
85d2eb17bdda,2017-03-23,2017-04-12,2017-04-18
b562d1744b06,2017-04-11,2017-04-12,2017-04-18
70c5b955cef4,2017-04-11,2017-04-12,2017-04-18
511ad9c15f1c,2017-04-06,2017-04-12,2017-04-18
2feeae92bdb0,2017-03-27,2017-04-12,2017-04-18
d4a19bff5351,2017-04-01,2017-04-12,2017-04-14
839187d3ea66,2017-04-08,2017-04-12,2017-04-17
d706910a18b6,2017-03-14,2017-04-12,2017-04-12
1d248ada25a4,2017-03-31,2017-04-12,2017-04-18
0d7fd56e7249,2017-03-28,2017-04-12,2017-04-18
3b623f4e95d0,2017-04-01,2017-04-12,2017-04-18
30a9e2bff9fa,2017-04-11,2017-04-12,2017-04-18
07c8774bbb54,2017-04-10,2017-04-12,2017-04-18
9c3b797c9068,2017-03-24,2017-04-12,2017-04-18
04326c9887b1,2017-04-06,2017-04-12,2017-04-18
c7174c80f01f,2017-04-08,2017-04-12,2017-04-18
f3f1a0f72816,2017-04-06,2017-04-12,2017-04-18
2dc4e1683fe5,2017-03-30,2017-04-12,2017-04-18
4b6eb7a5295c,2017-04-18,2017-04-18,2017-04-18
5f639b54b71f,2017-04-14,2017-04-14,2017-04-18
d652ebad3081,2017-04-03,2017-04-12,2017-04-18
b67570ee77e8,2017-03-16,2017-04-12,2017-04-15
ba51ebc2678c,2017-03-30,2017-04-12,2017-04-18
52c89b131176,2017-03-27,2017-04-12,2017-04-18
524cb3bbc142,2017-04-17,2017-04-17,2017-04-18
cce41eacb1ea,2017-03-23,2017-04-12,2017-04-18
ca19906f4a0b,2017-04-11,2017-04-12,2017-04-18
3af0b7f92738,2017-03-16,2017-04-12,2017-04-15
8075af94de79,2017-03-14,2017-04-12,2017-04-13
00281c4dd9be,2017-04-09,2017-04-12,2017-04-13
1c96bc92e133,2017-03-25,2017-04-12,2017-04-18
78ed1b289ccf,2017-04-15,2017-04-15,2017-04-18
c232413b7816,2017-03-27,2017-04-12,2017-04-18
bc926e610084,2017-03-22,2017-04-12,2017-04-18
090855387105,2017-04-10,2017-04-12,2017-04-18
be9af203a4ff,2017-03-08,2017-04-12,2017-04-12
e97c114e3002,2017-03-30,2017-04-12,2017-04-18
d4872108d20f,2017-04-04,2017-04-12,2017-04-18
d4970f98f510,2017-03-31,2017-04-12,2017-04-18
063bd766f6ef,2017-04-09,2017-04-12,2017-04-18
72133496bac8,2017-04-16,2017-04-16,2017-04-18
74fef4b57955,2017-03-19,2017-04-12,2017-04-18
48d1e566303d,2017-03-17,2017-04-12,2017-04-16
45ed273aeddd,2017-04-10,2017-04-12,2017-04-18
238a9948b034,2017-03-29,2017-04-12,2017-04-18
3b7b58e3f2c1,2017-04-17,2017-04-17,2017-04-18
16daa19a4f13,2017-03-14,2017-04-12,2017-04-13
a6b7b362085d,2017-03-27,2017-04-12,2017-04-18
51d8ebe56bc6,2017-04-03,2017-04-12,2017-04-18
7d651a151f38,2017-04-05,2017-04-12,2017-04-18
f32b722f352b,2017-03-29,2017-04-12,2017-04-18
e75953f252ee,2017-03-18,2017-04-12,2017-04-17
f1809e32878d,2017-04-09,2017-04-12,2017-04-18
e19eed1f9fa0,2017-04-10,2017-04-12,2017-04-18
ff453d0cb878,2017-03-14,2017-04-12,2017-04-13
b53345276a24,2017-04-07,2017-04-12,2017-04-18
c4c4a7300be7,2017-04-09,2017-04-12,2017-04-18
e7747a425934,2017-04-07,2017-04-12,2017-04-18
bf43bc7520f6,2017-04-16,2017-04-16,2017-04-18
9cb0de8fa58e,2017-03-14,2017-04-12,2017-04-13
f09652be4703,2017-03-26,2017-04-12,2017-04-18
9caf80f64000,2017-03-14,2017-04-12,2017-04-13
f752be0db41d,2017-04-18,2017-04-18,2017-04-18
aedaea1e43f2,2017-03-15,2017-04-12,2017-04-14
914c5f82de5a,2017-03-29,2017-04-12,2017-04-15
3d1183a66b80,2017-03-16,2017-04-12,2017-04-15
876918d2c90a,2017-04-11,2017-04-12,2017-04-18
60453f698cf3,2017-04-04,2017-04-12,2017-04-18
79c1f5b95973,2017-04-07,2017-04-12,2017-04-18
435663eca73b,2017-04-07,2017-04-12,2017-04-18
cc2ab9c79413,2017-04-10,2017-04-12,2017-04-18
ea1c80326829,2017-03-16,2017-04-12,2017-04-15
d7275a185e76,2017-04-02,2017-04-12,2017-04-18
5fab98f699de,2017-04-09,2017-04-12,2017-04-18
a2303cf6ed43,2017-03-23,2017-04-12,2017-04-18
8c041cdd2f7c,2017-04-04,2017-04-12,2017-04-18
69587bbb1789,2017-04-11,2017-04-12,2017-04-18
9b0433ffab6a,2017-04-15,2017-04-15,2017-04-18
0527aa779433,2017-04-06,2017-04-12,2017-04-18
36eb0524840b,2017-03-21,2017-04-12,2017-04-18
4031b2d68433,2017-04-09,2017-04-12,2017-04-18
085c7ada3fa6,2017-03-15,2017-04-12,2017-04-14
01ccc244528c,2017-03-16,2017-04-12,2017-04-15
adb387900711,2017-04-02,2017-04-12,2017-04-18
176f322b9d20,2017-04-16,2017-04-16,2017-04-18
08a5f2df3f72,2017-04-05,2017-04-12,2017-04-18
b0aefb86090a,2017-04-14,2017-04-14,2017-04-18
593d2a818294,2017-03-22,2017-04-12,2017-04-18
99c44312312a,2017-03-24,2017-04-12,2017-04-18
3272fa7b3b0c,2017-04-09,2017-04-12,2017-04-18
14035a6f81b7,2017-03-20,2017-04-12,2017-04-18
67925bcfc711,2017-04-10,2017-04-12,2017-04-18
e1e2a0da3d45,2017-04-10,2017-04-12,2017-04-18
37938c707b37,2017-04-17,2017-04-17,2017-04-18
68d7b87133c3,2017-03-28,2017-04-12,2017-04-18
6949c6f2f239,2017-03-19,2017-04-12,2017-04-18
7b5658f1ea3f,2017-04-17,2017-04-17,2017-04-18
e759b271c4f3,2017-04-18,2017-04-18,2017-04-18
6bc5922ae9ba,2017-03-19,2017-04-12,2017-04-18
7e641cb19a8d,2017-03-14,2017-04-12,2017-04-13
95414d08927d,2017-03-13,2017-04-12,2017-04-12
60853d6473a4,2017-04-13,2017-04-13,2017-04-18
6ae509ec8784,2017-04-06,2017-04-12,2017-04-18
08797f0d8b75,2017-04-01,2017-04-12,2017-04-18
50aa75a139ba,2017-03-27,2017-04-12,2017-04-18
7620d120cca4,2017-04-15,2017-04-15,2017-04-18
f5dec7d1d581,2017-04-04,2017-04-12,2017-04-18
4e6f25f02476,2017-03-28,2017-04-12,2017-04-18
28bd9aa572db,2017-03-22,2017-04-12,2017-04-18
dcc0a51b1b6a,2017-04-10,2017-04-12,2017-04-18
4cc1ab6fd1d8,2017-04-10,2017-04-12,2017-04-13
bba22dbe82a4,2017-04-05,2017-04-12,2017-04-18
59512d1bb7dc,2017-04-08,2017-04-12,2017-04-18
7caf6e22872f,2017-03-27,2017-04-12,2017-04-18
33c1c2aa03d9,2017-04-10,2017-04-12,2017-04-18
2bc49714637a,2017-04-02,2017-04-12,2017-04-18
b04bb99f999e,2017-04-01,2017-04-12,2017-04-18
1d90735a3e29,2017-03-30,2017-04-12,2017-04-18
c8db8a04f258,2017-03-26,2017-04-12,2017-04-18
46da23355c87,2017-03-31,2017-04-12,2017-04-18
2827894b7414,2017-04-03,2017-04-12,2017-04-18
6673eaae9ecf,2017-04-09,2017-04-12,2017-04-18
0655290d1382,2017-03-30,2017-04-12,2017-04-18
fe99ef8347b4,2017-03-22,2017-04-12,2017-04-18
12de46c20aff,2017-03-18,2017-04-12,2017-04-17
54583fa61152,2017-04-01,2017-04-12,2017-04-18
c435cc86b315,2017-03-27,2017-04-12,2017-04-18
c8b1b06f2c2d,2017-03-14,2017-04-12,2017-04-13
5bb53a1f6c8f,2017-04-05,2017-04-12,2017-04-18
91ea5c2e11fa,2017-04-06,2017-04-12,2017-04-18
cf2cb12473d6,2017-03-26,2017-04-12,2017-04-18
b089a1a8cd48,2017-04-05,2017-04-12,2017-04-18
90f8f85f062d,2017-03-17,2017-04-12,2017-04-15
f3779b955558,2017-04-12,2017-04-12,2017-04-18
d5f51d3508d1,2017-04-13,2017-04-13,2017-04-18
ce29885c3582,2017-04-12,2017-04-12,2017-04-18
a28e66b68b35,2017-04-03,2017-04-12,2017-04-18
e45a8a5610c9,2017-03-22,2017-04-12,2017-04-18
c6d63d3f7416,2017-04-08,2017-04-12,2017-04-18
9670e8fb6f10,2017-03-26,2017-04-12,2017-04-18
6436272bc9be,2017-04-17,2017-04-17,2017-04-18
91dcc0c6d467,2017-04-06,2017-04-12,2017-04-18
54732857f634,2017-04-09,2017-04-12,2017-04-18
c947e0f13437,2017-03-14,2017-04-12,2017-04-12
c6f880eac8e7,2017-04-17,2017-04-17,2017-04-18
14e6b400e1d3,2017-04-04,2017-04-12,2017-04-18
ecba6f832694,2017-03-17,2017-04-12,2017-04-16
c2de09ee444c,2017-03-17,2017-04-12,2017-04-15
28671425e247,2017-04-04,2017-04-12,2017-04-14
e7cbf024cc7a,2017-04-17,2017-04-17,2017-04-18
79e81920d81f,2017-04-11,2017-04-12,2017-04-18
1a72d59660e7,2017-04-11,2017-04-12,2017-04-18
61ad6050e402,2017-04-05,2017-04-12,2017-04-18
df478e36400d,2017-04-17,2017-04-17,2017-04-18
039cad64998f,2017-04-12,2017-04-12,2017-04-18
bdbcf96e1a7b,2017-03-28,2017-04-12,2017-04-18
f0687200e5fa,2017-04-14,2017-04-14,2017-04-18
7ad9dc5bd06f,2017-04-04,2017-04-12,2017-04-18
c766b3f2911f,2017-04-09,2017-04-12,2017-04-18
7ff4fa7eea14,2017-03-22,2017-04-12,2017-04-18
0c922a25aeff,2017-03-29,2017-04-12,2017-04-18
a11a42c3c389,2017-03-14,2017-04-12,2017-04-13
b2f20c4caf57,2017-03-31,2017-04-12,2017-04-18
70c263626f02,2017-04-02,2017-04-12,2017-04-18
163d188c796e,2017-04-14,2017-04-14,2017-04-18
6ef897b4430a,2017-04-06,2017-04-12,2017-04-18
e9f791b7d797,2017-04-11,2017-04-12,2017-04-18
eb7f3a1f9f50,2017-03-14,2017-04-12,2017-04-14
a370e80f3231,2017-03-24,2017-04-12,2017-04-18
4cdfaac707ab,2017-03-15,2017-04-12,2017-04-14
cd0307e3b699,2017-04-05,2017-04-12,2017-04-18
1a28ef31f5c9,2017-04-15,2017-04-15,2017-04-18
c0d2d309fa80,2017-04-10,2017-04-12,2017-04-18
f7d00f727707,2017-03-24,2017-04-12,2017-04-18
10c0e158eb36,2017-03-17,2017-04-12,2017-04-16
3681d6f82174,2017-04-07,2017-04-12,2017-04-18
972acb0388d7,2017-04-07,2017-04-12,2017-04-18
1a91dff1698b,2017-03-30,2017-04-12,2017-04-18
68d5ef011a2f,2017-03-29,2017-04-12,2017-04-18
302f4e50f37b,2017-04-13,2017-04-13,2017-04-18
be1cbb656ad1,2017-03-29,2017-04-12,2017-04-18
ed7d6424348c,2017-04-11,2017-04-12,2017-04-16
4ca1a15fcd8a,2017-03-19,2017-04-12,2017-04-18
f315087552cb,2017-03-24,2017-04-12,2017-04-18
d7ed039c68ec,2017-04-09,2017-04-12,2017-04-18
9527f81a2187,2017-04-17,2017-04-17,2017-04-18
b9085f002b7b,2017-04-04,2017-04-12,2017-04-18
0ebb18caca9c,2017-04-06,2017-04-12,2017-04-18
7c9fc5a0f016,2017-04-17,2017-04-17,2017-04-18
d8ea52892811,2017-04-17,2017-04-17,2017-04-18
4b3f26879f18,2017-04-17,2017-04-17,2017-04-18
a9db4ba07fa5,2017-04-12,2017-04-12,2017-04-17
92dd4b5029df,2017-03-21,2017-04-12,2017-04-18
200674d33a41,2017-04-01,2017-04-12,2017-04-18
0ea1c2cdabff,2017-04-18,2017-04-18,2017-04-18
f34dfa2548d5,2017-03-22,2017-04-12,2017-04-18
0def75442ff1,2017-03-19,2017-04-12,2017-04-18
8c70fc0eb790,2017-03-21,2017-04-12,2017-04-18
b90485adef32,2017-04-18,2017-04-18,2017-04-18
02a0940edff1,2017-03-25,2017-04-12,2017-04-18
f9bd0a7f4537,2017-04-16,2017-04-16,2017-04-18
f830ff55622d,2017-04-15,2017-04-15,2017-04-18
27a1ba3903be,2017-03-29,2017-04-12,2017-04-18
e2c0d68b4a3a,2017-04-12,2017-04-12,2017-04-18
df5e0f8a3c26,2017-04-03,2017-04-12,2017-04-18
517ac6eedde0,2017-04-02,2017-04-12,2017-04-18
15dec57723a0,2017-03-23,2017-04-12,2017-04-18
1e2edfa59726,2017-04-10,2017-04-12,2017-04-18
6b99850d7fc0,2017-03-17,2017-04-12,2017-04-15
98f5fe7b4960,2017-04-03,2017-04-12,2017-04-18
b86f2f730337,2017-04-01,2017-04-12,2017-04-18
e7dd9d54d189,2017-03-30,2017-04-12,2017-04-18
82bda31fb170,2017-03-27,2017-04-12,2017-04-18
55e2773053a7,2017-04-08,2017-04-12,2017-04-18
542502ce2c67,2017-04-18,2017-04-18,2017-04-18
275ce08ec6c4,2017-04-02,2017-04-12,2017-04-18
80c1796b698f,2017-04-09,2017-04-12,2017-04-18
024040f97c84,2017-04-04,2017-04-12,2017-04-18
cbd8d36373b0,2017-03-15,2017-04-12,2017-04-13
baf777dc40f8,2017-03-20,2017-04-12,2017-04-18
92519a7d25cd,2017-04-10,2017-04-12,2017-04-18
a9dd9e4d0147,2017-04-14,2017-04-14,2017-04-18
752116bf7b37,2017-03-13,2017-04-12,2017-04-12
2c0f05ad4906,2017-04-15,2017-04-15,2017-04-18
b485dd9009ca,2017-04-16,2017-04-16,2017-04-18
0cdb6166da30,2017-04-15,2017-04-15,2017-04-18
e2b235519d91,2017-04-05,2017-04-12,2017-04-18
30ef03e575c7,2017-04-06,2017-04-12,2017-04-18
b17dcd3e7e9b,2017-03-19,2017-04-12,2017-04-18
e3a7e5875acd,2017-03-25,2017-04-12,2017-04-18
3eede252dbd1,2017-04-01,2017-04-12,2017-04-13
af0a730f23e6,2017-04-14,2017-04-14,2017-04-18
15d472553106,2017-04-02,2017-04-12,2017-04-18
0118d215a770,2017-04-12,2017-04-13,2017-04-18
e9f4e0e83d9c,2017-04-13,2017-04-13,2017-04-18
b354a3710954,2017-04-09,2017-04-12,2017-04-15
5b7fdef46a19,2017-03-29,2017-04-12,2017-04-18
3d83b910b41e,2017-03-31,2017-04-12,2017-04-18
5a260c2b5170,2017-03-15,2017-04-12,2017-04-13
8fb50ceeac15,2017-04-12,2017-04-13,2017-04-18
519251bd2e0c,2017-04-01,2017-04-12,2017-04-18
e19950905bb7,2017-04-15,2017-04-15,2017-04-18
b208a7fededd,2017-03-28,2017-04-12,2017-04-18
1e67e55a4b41,2017-04-05,2017-04-12,2017-04-18
7e9474af38c3,2017-03-14,2017-04-12,2017-04-13
13e40c28c77a,2017-04-10,2017-04-12,2017-04-18
80cad8b509f7,2017-04-01,2017-04-12,2017-04-18
7d7044851d6d,2017-04-15,2017-04-15,2017-04-18
4dfe26ff87ab,2017-03-13,2017-04-12,2017-04-12
3c533990cf60,2017-03-23,2017-04-12,2017-04-18
cb5cecc6f190,2017-04-10,2017-04-12,2017-04-18
20f9a53adaea,2017-04-03,2017-04-12,2017-04-18
22d1c8e86a6c,2017-04-02,2017-04-12,2017-04-18
89c1da486632,2017-04-12,2017-04-12,2017-04-18
135829940478,2017-04-13,2017-04-13,2017-04-18
78630c7f5be2,2017-04-17,2017-04-17,2017-04-18
5e6a6b9f858a,2017-04-02,2017-04-12,2017-04-18
3ebd8fe11f2f,2017-04-13,2017-04-13,2017-04-18
4ad4f8bbaf6f,2017-03-28,2017-04-12,2017-04-18
ac85e60ee561,2017-03-15,2017-04-12,2017-04-14
afbc35f1dc34,2017-04-06,2017-04-12,2017-04-18
51b347837583,2017-03-27,2017-04-12,2017-04-18
5b41324ec786,2017-04-15,2017-04-15,2017-04-18
297b363f2e0b,2017-03-16,2017-04-12,2017-04-15
db617bc97cbc,2017-03-23,2017-04-12,2017-04-18
56357c1a0a3b,2017-03-31,2017-04-12,2017-04-18
34d795b12b59,2017-03-25,2017-04-12,2017-04-18
6bc4ba52a870,2017-03-15,2017-04-12,2017-04-13
3999897daad3,2017-04-07,2017-04-12,2017-04-18
dbaae59d3a53,2017-03-23,2017-04-12,2017-04-18
afa18f7e62da,2017-04-12,2017-04-12,2017-04-18
eae2b3b9b3bc,2017-03-14,2017-04-12,2017-04-13
93e5856c509c,2017-03-21,2017-04-12,2017-04-18
f906a37a1481,2017-04-11,2017-04-12,2017-04-18
8ef3abc17b31,2017-03-22,2017-04-12,2017-04-18
de865406d1e4,2017-03-26,2017-04-12,2017-04-18
a3c2f60ac3d1,2017-04-14,2017-04-14,2017-04-18
162fecaa746c,2017-03-14,2017-04-12,2017-04-13
1309ad0abc0c,2017-03-14,2017-04-12,2017-04-12
66ed4571e913,2017-03-21,2017-04-12,2017-04-15
cdd86e8e1c84,2017-04-18,2017-04-18,2017-04-18
847e7ad5720d,2017-04-04,2017-04-12,2017-04-18
8facd85f3457,2017-03-26,2017-04-12,2017-04-18
d3d61362c056,2017-03-19,2017-04-12,2017-04-18
51f0f5ea90ee,2017-04-12,2017-04-12,2017-04-18
a0b76dfc09c8,2017-04-07,2017-04-12,2017-04-18
4b06eaed83b0,2017-03-17,2017-04-12,2017-04-15
8193f40518f8,2017-04-09,2017-04-12,2017-04-18
4dc0f30b103a,2017-04-05,2017-04-12,2017-04-18
3a9b13f69219,2017-03-26,2017-04-12,2017-04-18
86cff0ea4fdf,2017-03-30,2017-04-12,2017-04-18
4f537242afcb,2017-04-07,2017-04-12,2017-04-18
efeb399ccae1,2017-03-26,2017-04-12,2017-04-18
a975a994a08a,2017-03-31,2017-04-12,2017-04-18
577dd17b0246,2017-04-14,2017-04-14,2017-04-18
1746b23abfe4,2017-03-17,2017-04-12,2017-04-15
825b38cfa8b8,2017-04-18,2017-04-18,2017-04-18
2725c89b519e,2017-04-11,2017-04-12,2017-04-18
f229b597a8af,2017-04-11,2017-04-12,2017-04-18
6b4e2de8f2e0,2017-03-31,2017-04-12,2017-04-18
53b34c14f165,2017-03-26,2017-04-12,2017-04-18
c8e0532b97d5,2017-04-02,2017-04-12,2017-04-18
b6e0455810da,2017-04-05,2017-04-12,2017-04-18
62f2c0afccf4,2017-04-02,2017-04-12,2017-04-18
9e02a076f714,2017-04-04,2017-04-12,2017-04-18
f5ff805e2869,2017-03-26,2017-04-12,2017-04-18
c708da9e0ece,2017-04-13,2017-04-13,2017-04-18
3565003870c5,2017-03-15,2017-04-12,2017-04-13
ba7001a66b9e,2017-03-25,2017-04-12,2017-04-18
7f2a7bca3746,2017-03-29,2017-04-12,2017-04-18
0301ab4827c0,2017-03-13,2017-04-12,2017-04-12
48dc9e79a6af,2017-04-09,2017-04-12,2017-04-18
0d569fff39bd,2017-03-18,2017-04-12,2017-04-17
3774cbbfafb7,2017-04-13,2017-04-13,2017-04-18
7aad64ed103f,2017-04-18,2017-04-18,2017-04-18
4fba0aa29524,2017-03-22,2017-04-12,2017-04-18
e1e6c7280a6d,2017-03-30,2017-04-12,2017-04-15
b9917cfa9b92,2017-04-12,2017-04-12,2017-04-18
f245807b95a3,2017-04-09,2017-04-12,2017-04-18
7131e7f62840,2017-03-21,2017-04-12,2017-04-18
34a8c351f7f1,2017-04-05,2017-04-12,2017-04-18
7426c31ec0e8,2017-04-04,2017-04-12,2017-04-18
b8ee65d901ea,2017-04-10,2017-04-12,2017-04-18
45d5c2a795e8,2017-03-14,2017-04-12,2017-04-13
abfbd1a5c652,2017-03-23,2017-04-12,2017-04-18
3a2466ed1f35,2017-04-04,2017-04-12,2017-04-18
298f9441b637,2017-04-16,2017-04-16,2017-04-18
719e29be9752,2017-03-23,2017-04-12,2017-04-18
9014dd4dd8f9,2017-04-03,2017-04-12,2017-04-18
791e3e84bfe5,2017-04-05,2017-04-12,2017-04-18
97865a71137a,2017-03-14,2017-04-12,2017-04-13
e24b9905a738,2017-03-29,2017-04-12,2017-04-18
e569fef9d66f,2017-04-17,2017-04-17,2017-04-18
48c32afada1b,2017-04-05,2017-04-12,2017-04-18
51c4b834c428,2017-04-07,2017-04-12,2017-04-17
3138e7a69a05,2017-04-12,2017-04-12,2017-04-18
a00bcff61334,2017-04-11,2017-04-12,2017-04-18
214d61f43a46,2017-04-09,2017-04-12,2017-04-18
6462eadabf89,2017-03-29,2017-04-12,2017-04-18
3353fe5b4ded,2017-04-14,2017-04-14,2017-04-18
30483f0d7a8f,2017-04-10,2017-04-12,2017-04-18
1e310eab6ec5,2017-04-03,2017-04-12,2017-04-18
8b006ecd6972,2017-04-07,2017-04-12,2017-04-18
e9396c682736,2017-04-12,2017-04-12,2017-04-18
1050adb5266b,2017-03-15,2017-04-12,2017-04-14
6a97950262af,2017-03-13,2017-04-12,2017-04-12
9d69c4543417,2017-04-04,2017-04-12,2017-04-18
223243263410,2017-03-28,2017-04-12,2017-04-18
2ac3d65a4cbd,2017-03-13,2017-04-12,2017-04-12
aea676fc2f52,2017-03-22,2017-04-12,2017-04-18
5ceba08bd85b,2017-03-18,2017-04-12,2017-04-17
4eb713d7fd81,2017-03-28,2017-04-12,2017-04-18
d82340da78d8,2017-03-28,2017-04-12,2017-04-18
d8a9b2744281,2017-04-08,2017-04-12,2017-04-18
21c86acd2a99,2017-04-11,2017-04-12,2017-04-18
4043a0c05017,2017-03-18,2017-04-12,2017-04-16
9a921a812b13,2017-03-16,2017-04-12,2017-04-15
a27390dc0ab9,2017-03-24,2017-04-12,2017-04-18
b7559673ef99,2017-04-06,2017-04-12,2017-04-18
2e5ac2374234,2017-03-21,2017-04-12,2017-04-18
50dfb1f2b58c,2017-03-14,2017-04-12,2017-04-13
e438f69d347f,2017-04-08,2017-04-12,2017-04-18
e45d1fc828ab,2017-04-17,2017-04-17,2017-04-18
65184eff0d79,2017-04-18,2017-04-18,2017-04-18
fafb2e2d8a87,2017-03-19,2017-04-12,2017-04-18
ac4c49564d72,2017-03-25,2017-04-12,2017-04-18
08c17a7d96dd,2017-03-22,2017-04-12,2017-04-18
65aa2c6d499f,2017-03-16,2017-04-12,2017-04-14
3b42e75a5bf7,2017-04-16,2017-04-16,2017-04-18
9db0012cd307,2017-04-11,2017-04-12,2017-04-18
316e896c2830,2017-03-28,2017-04-12,2017-04-18
67886100ae43,2017-04-05,2017-04-12,2017-04-18
77d0cb574651,2017-04-16,2017-04-16,2017-04-18
8854a0685d32,2017-04-04,2017-04-12,2017-04-18
aa5ec461bf75,2017-03-18,2017-04-12,2017-04-17
f18c2c652db3,2017-03-29,2017-04-12,2017-04-18
b15307dc3480,2017-03-21,2017-04-12,2017-04-18
50f310a7474c,2017-04-18,2017-04-18,2017-04-18
8460ed1cb11b,2017-04-15,2017-04-15,2017-04-18
4b8cc1d01e1e,2017-03-29,2017-04-12,2017-04-18
35a0b12c8b1c,2017-03-25,2017-04-12,2017-04-18
a7cfbf8a0f7e,2017-03-16,2017-04-12,2017-04-15
6061ab83fe9b,2017-03-31,2017-04-12,2017-04-18
5eba1873da3b,2017-04-08,2017-04-12,2017-04-18
82f6a8a25b91,2017-03-20,2017-04-12,2017-04-18
409c04d380cb,2017-03-24,2017-04-12,2017-04-18
1050a3dd6c4e,2017-03-27,2017-04-12,2017-04-18
f404b7b289bc,2017-03-21,2017-04-12,2017-04-18
44fa320a9f44,2017-04-16,2017-04-16,2017-04-18
1e4a026fe0f4,2017-04-04,2017-04-12,2017-04-18
f5ec151aa6ef,2017-04-11,2017-04-12,2017-04-18
42efe8c55f87,2017-04-16,2017-04-16,2017-04-18
a44c281cd53f,2017-04-15,2017-04-15,2017-04-18
440a8d02ae44,2017-03-31,2017-04-12,2017-04-18
b9cab676f92f,2017-04-17,2017-04-17,2017-04-18
39b2c44d2fce,2017-04-13,2017-04-13,2017-04-18
f1d485588f8a,2017-03-29,2017-04-12,2017-04-18
9ab1ac57c97b,2017-03-28,2017-04-12,2017-04-18
310c3f9f4e8a,2017-04-03,2017-04-12,2017-04-18
5f5cf437b3ae,2017-03-30,2017-04-12,2017-04-18
c09b49ae83c9,2017-04-09,2017-04-12,2017-04-18
d2560a711c25,2017-04-18,2017-04-18,2017-04-18
0e21950b1602,2017-04-07,2017-04-12,2017-04-18
ca7eb1c74fdb,2017-04-08,2017-04-12,2017-04-18
be2f8d6de10b,2017-04-04,2017-04-12,2017-04-18
8c453b33caf0,2017-04-05,2017-04-12,2017-04-18
4b2c5eae9688,2017-04-14,2017-04-14,2017-04-18
ee63c3aa9c19,2017-04-01,2017-04-12,2017-04-18
c7e87dc64a4c,2017-04-11,2017-04-12,2017-04-18
99688925c92a,2017-04-18,2017-04-18,2017-04-18
29743ac3ae83,2017-04-01,2017-04-12,2017-04-18
dd825b15884b,2017-04-12,2017-04-12,2017-04-18
63f875af15b2,2017-04-03,2017-04-12,2017-04-18
99b3cfe1e54c,2017-04-09,2017-04-12,2017-04-18
a1c8b4ecdce1,2017-04-15,2017-04-15,2017-04-18
8e24397e007d,2017-04-04,2017-04-12,2017-04-18
95425d317a6e,2017-04-12,2017-04-12,2017-04-18
dc038d54783b,2017-03-27,2017-04-12,2017-04-18
93b307730d0d,2017-03-29,2017-04-12,2017-04-18
c681d898876e,2017-04-02,2017-04-12,2017-04-13
f2f0cf7a9f30,2017-03-31,2017-04-12,2017-04-18
8b06eaa1e94f,2017-03-19,2017-04-12,2017-04-18
b719b2c3edcd,2017-04-10,2017-04-12,2017-04-17
0f9a896c64f1,2017-04-18,2017-04-18,2017-04-18
f112c19d7a53,2017-03-27,2017-04-12,2017-04-18
ad6318bc0e20,2017-04-03,2017-04-12,2017-04-18
29f0c077f9bc,2017-04-04,2017-04-12,2017-04-18
c8feeec1445d,2017-04-18,2017-04-18,2017-04-18
9d2032a93092,2017-04-12,2017-04-12,2017-04-18
89088d7c309b,2017-03-20,2017-04-12,2017-04-14
000e5dd8a380,2017-03-24,2017-04-12,2017-04-18
d5bc0e2cf4e3,2017-04-01,2017-04-12,2017-04-18
3ddf03f553ab,2017-03-31,2017-04-12,2017-04-18
df33487768f1,2017-03-14,2017-04-12,2017-04-13
b0f62623c70c,2017-03-16,2017-04-12,2017-04-15
e0475d3d7c3f,2017-03-24,2017-04-12,2017-04-18
ab43f7720913,2017-03-31,2017-04-12,2017-04-18
fb25206874b8,2017-04-10,2017-04-12,2017-04-18
d1d5bb46a358,2017-03-31,2017-04-12,2017-04-18
3ed950be5762,2017-03-29,2017-04-12,2017-04-18
0151c194976c,2017-04-11,2017-04-12,2017-04-18
bdf31e3797f9,2017-03-26,2017-04-12,2017-04-18
3341e0657518,2017-03-24,2017-04-12,2017-04-18
9e6d33f56e4e,2017-04-05,2017-04-12,2017-04-18
7ef6e387fd4f,2017-03-18,2017-04-12,2017-04-17
adb778c4432b,2017-03-22,2017-04-12,2017-04-18
098791a4ed12,2017-04-05,2017-04-12,2017-04-18
32eeea0a38e1,2017-04-14,2017-04-14,2017-04-18
65ec91c3ba30,2017-03-24,2017-04-12,2017-04-18
3f254349c8ca,2017-03-31,2017-04-12,2017-04-12
a9f4b6dd6913,2017-03-21,2017-04-12,2017-04-18
2cc83bc6dc50,2017-03-23,2017-04-12,2017-04-18
6c9d2621579c,2017-04-16,2017-04-16,2017-04-18
86c74559f442,2017-04-05,2017-04-12,2017-04-18
0ac0008d80c3,2017-03-29,2017-04-12,2017-04-18
b977f9209ce0,2017-03-22,2017-04-12,2017-04-18
ec9e0c7f7a18,2017-04-10,2017-04-12,2017-04-18
5c5e62b3b007,2017-04-03,2017-04-12,2017-04-18
bf661a9fb88e,2017-04-09,2017-04-12,2017-04-14
3a02335a7931,2017-04-04,2017-04-12,2017-04-18
52cb7def169b,2017-03-29,2017-04-12,2017-04-18
2e2e6eb211c0,2017-03-25,2017-04-12,2017-04-18
bc187bddaa10,2017-04-13,2017-04-13,2017-04-18
4bed5fa60973,2017-03-19,2017-04-12,2017-04-18
0e0ccad46385,2017-04-05,2017-04-12,2017-04-18
e9939f220033,2017-03-31,2017-04-12,2017-04-18
d59b7b079723,2017-03-27,2017-04-12,2017-04-18
5f7aa108c139,2017-03-14,2017-04-12,2017-04-13
5b8b84382a35,2017-04-10,2017-04-12,2017-04-18
f5a1add7c50d,2017-03-31,2017-04-12,2017-04-18
c9e265420a43,2017-03-14,2017-04-12,2017-04-13
e1c10192e7f5,2017-03-31,2017-04-12,2017-04-18
ca2e897d1183,2017-03-19,2017-04-12,2017-04-18
3b5a7b1f7cd9,2017-03-21,2017-04-12,2017-04-18
8ac24b2d68c4,2017-04-03,2017-04-12,2017-04-18
f1f52a48e114,2017-04-02,2017-04-12,2017-04-18
7c620e82f430,2017-03-29,2017-04-12,2017-04-18
b90993e21b36,2017-04-02,2017-04-12,2017-04-18
bcc517de1947,2017-03-23,2017-04-12,2017-04-18
29d9f3a9ca27,2017-04-16,2017-04-16,2017-04-18
2e8a78549150,2017-03-31,2017-04-12,2017-04-18
b4001571513b,2017-03-28,2017-04-12,2017-04-18
fa6dc96258bc,2017-04-11,2017-04-12,2017-04-18
52fec61d36da,2017-04-11,2017-04-12,2017-04-18
4c583a3dcbf1,2017-04-01,2017-04-12,2017-04-18
6e2585f70d88,2017-04-08,2017-04-12,2017-04-18
2b5904eea8c9,2017-04-02,2017-04-12,2017-04-18
a8cb45de5fae,2017-04-10,2017-04-12,2017-04-18
761a8ce4d8e8,2017-04-05,2017-04-12,2017-04-18
961268d61b13,2017-04-06,2017-04-12,2017-04-18
642fedf22160,2017-04-04,2017-04-12,2017-04-18
760dc2f27ace,2017-03-14,2017-04-12,2017-04-13
6c7f9c632992,2017-03-31,2017-04-12,2017-04-15
1df3a68b3e92,2017-04-06,2017-04-12,2017-04-18
ea0ffd9d1dfe,2017-04-03,2017-04-12,2017-04-18
735b88179a9c,2017-04-11,2017-04-12,2017-04-18
03281464aa27,2017-03-27,2017-04-12,2017-04-18
d1832759562e,2017-03-27,2017-04-12,2017-04-18
3354b3aaf413,2017-04-12,2017-04-12,2017-04-18
26313eb4fed8,2017-04-12,2017-04-12,2017-04-18
df7a52a86eba,2017-04-17,2017-04-17,2017-04-18
175e466e0578,2017-04-16,2017-04-16,2017-04-18
113b7c9657b6,2017-03-25,2017-04-12,2017-04-18
cb9b84a551a7,2017-03-26,2017-04-12,2017-04-18
9063535687bb,2017-04-12,2017-04-12,2017-04-18
551551f62622,2017-03-14,2017-04-12,2017-04-13
406c356901e2,2017-04-12,2017-04-12,2017-04-18
0eece85b3954,2017-03-19,2017-04-12,2017-04-18
8b86bd5a647a,2017-04-07,2017-04-12,2017-04-18
0f0520f32271,2017-03-27,2017-04-12,2017-04-18
98cdc3269c51,2017-04-13,2017-04-13,2017-04-18
170e5e70b2e8,2017-04-13,2017-04-13,2017-04-18
a698ab7c5b0d,2017-03-17,2017-04-12,2017-04-16
8cd422c5d0a6,2017-04-16,2017-04-16,2017-04-16
dc5773db3582,2017-03-20,2017-04-12,2017-04-18
9a6031c367b2,2017-03-17,2017-04-12,2017-04-16
c63bd22a8375,2017-03-27,2017-04-12,2017-04-18
a92ed0d579dc,2017-03-14,2017-04-12,2017-04-13
2547e5148371,2017-03-27,2017-04-12,2017-04-18
d95d0e5856c5,2017-04-08,2017-04-12,2017-04-18
1f8b50cdbb22,2017-03-28,2017-04-12,2017-04-18
2392789e6ad4,2017-04-08,2017-04-12,2017-04-18
83d19d097cdb,2017-03-24,2017-04-12,2017-04-18
5f2ef34bb5c2,2017-04-08,2017-04-12,2017-04-18
e51ef60734a6,2017-04-16,2017-04-16,2017-04-18
9151b59a0ffd,2017-04-11,2017-04-12,2017-04-18
f8485bebbad4,2017-04-07,2017-04-12,2017-04-18
26828adffede,2017-04-10,2017-04-12,2017-04-18
6d2c9d3e1b1b,2017-03-16,2017-04-12,2017-04-15
f4f733393055,2017-04-17,2017-04-17,2017-04-18
a55dd2878cea,2017-04-04,2017-04-12,2017-04-18
f6e2cce229c3,2017-03-31,2017-04-12,2017-04-18
509749fed99c,2017-03-14,2017-04-12,2017-04-13
4c12337f213d,2017-04-02,2017-04-12,2017-04-18
92e65ee9145a,2017-04-01,2017-04-12,2017-04-18
588c9e0e6714,2017-04-17,2017-04-17,2017-04-18
94930c6e6e23,2017-03-14,2017-04-12,2017-04-13
898c1009c1d8,2017-03-21,2017-04-12,2017-04-18
b484e8f39a1f,2017-04-01,2017-04-12,2017-04-18
9258765edafc,2017-04-16,2017-04-16,2017-04-18
f3786c01549f,2017-03-19,2017-04-12,2017-04-18
5f6f3791dab9,2017-03-29,2017-04-12,2017-04-18
d213be996c7d,2017-03-27,2017-04-12,2017-04-18
1cacbeb3f8a4,2017-04-03,2017-04-12,2017-04-18
b2e83c1bc5e1,2017-03-26,2017-04-12,2017-04-18
e6b6496cb4c2,2017-04-01,2017-04-12,2017-04-18
714df54bbc03,2017-03-19,2017-04-12,2017-04-17
65855c69ba0e,2017-03-16,2017-04-12,2017-04-18
85f3c6077a1a,2017-03-26,2017-04-12,2017-04-18
2c68fa92bfa4,2017-04-04,2017-04-12,2017-04-18
6cb03ddf326d,2017-04-11,2017-04-12,2017-04-18
890af282e91a,2017-04-11,2017-04-12,2017-04-18
afbbcf8222c3,2017-04-12,2017-04-12,2017-04-18
ad2590337d1f,2017-03-14,2017-04-12,2017-04-13
bae16c440546,2017-04-12,2017-04-12,2017-04-18
b40c447fbcf8,2017-04-16,2017-04-16,2017-04-18
e9efa99d8991,2017-03-17,2017-04-12,2017-04-16
167f274584c9,2017-04-04,2017-04-12,2017-04-18
9fcb325e72ca,2017-03-22,2017-04-12,2017-04-18
a645863548fd,2017-03-24,2017-04-12,2017-04-18
ea2e53e58369,2017-04-06,2017-04-12,2017-04-18
b8805492cfd6,2017-04-01,2017-04-12,2017-04-18
d9dc1d92272b,2017-03-29,2017-04-12,2017-04-18
bbd09dd1bf31,2017-04-14,2017-04-14,2017-04-18
7c06fb5265f6,2017-04-07,2017-04-12,2017-04-18
06f006ca2f3c,2017-03-26,2017-04-12,2017-04-18
6f9b41412fb5,2017-04-03,2017-04-12,2017-04-18
270364da85cd,2017-04-06,2017-04-12,2017-04-18
dc7a7ba12133,2017-03-30,2017-04-12,2017-04-13
649c68326049,2017-03-19,2017-04-12,2017-04-18
e6e5802ef7f2,2017-04-03,2017-04-12,2017-04-18
00dd89a7b5c3,2017-03-31,2017-04-12,2017-04-18
8a97aff7fa36,2017-04-09,2017-04-12,2017-04-18
63a2abe12207,2017-03-24,2017-04-12,2017-04-18
e6f7136563d4,2017-04-17,2017-04-17,2017-04-18
4bd79fce0aed,2017-04-17,2017-04-17,2017-04-18
c9427a1b384a,2017-03-28,2017-04-12,2017-04-18
9d651b493505,2017-04-08,2017-04-12,2017-04-18
b244491f8616,2017-03-25,2017-04-12,2017-04-18
97655b38fb3f,2017-04-10,2017-04-12,2017-04-18
d8caf32c13b7,2017-03-22,2017-04-12,2017-04-18
c7422eac8c2f,2017-04-04,2017-04-12,2017-04-18
a1a29ecddd87,2017-03-23,2017-04-12,2017-04-18
44e34e17ffdc,2017-03-19,2017-04-12,2017-04-18
52fcb0ea0430,2017-03-20,2017-04-12,2017-04-18
ba2fe70afb95,2017-04-02,2017-04-12,2017-04-18
ea709e3eb564,2017-03-20,2017-04-12,2017-04-18
08730aaa3213,2017-04-17,2017-04-17,2017-04-18
eea24a3b9e73,2017-04-01,2017-04-12,2017-04-18
19764aaf599f,2017-03-14,2017-04-12,2017-04-12
29081b5fb7b6,2017-04-06,2017-04-12,2017-04-18
4414019bed9e,2017-04-03,2017-04-12,2017-04-18
97e3032849ca,2017-03-30,2017-04-12,2017-04-18
d0ff05958e29,2017-03-23,2017-04-12,2017-04-18
46482d51f4e0,2017-03-14,2017-04-12,2017-04-13
ca48a7f13ac4,2017-03-21,2017-04-12,2017-04-18
dc5910b62116,2017-03-26,2017-04-12,2017-04-18
ba43862a7fe4,2017-03-18,2017-04-12,2017-04-17
9fdb529a6420,2017-03-22,2017-04-12,2017-04-18
221c631f0c75,2017-04-14,2017-04-14,2017-04-18
7763cfa3b1c1,2017-04-13,2017-04-13,2017-04-18
5c3ad7d4a154,2017-04-01,2017-04-12,2017-04-18
7040bcf73a54,2017-04-18,2017-04-18,2017-04-18
ae6356cc086f,2017-03-13,2017-04-12,2017-04-12
875ec2e30322,2017-04-06,2017-04-12,2017-04-18
3391f601dc3d,2017-03-15,2017-04-12,2017-04-13
cedb9471802f,2017-04-08,2017-04-12,2017-04-18
58d351ca0ffb,2017-03-27,2017-04-12,2017-04-18
74b4dc583c3e,2017-03-25,2017-04-12,2017-04-18
e3602d16eb1f,2017-03-30,2017-04-12,2017-04-18
83b5d68aef0f,2017-04-06,2017-04-12,2017-04-18
dca1320cf43c,2017-04-04,2017-04-12,2017-04-18
3c09bb6cdecb,2017-03-13,2017-04-12,2017-04-12
e34dde3254f9,2017-03-30,2017-04-12,2017-04-18
3a7e8abb8771,2017-04-09,2017-04-12,2017-04-18
4c684d679ff9,2017-03-15,2017-04-12,2017-04-13
73f754076bc7,2017-04-10,2017-04-12,2017-04-18
da5eb0ab5e5c,2017-03-20,2017-04-12,2017-04-18
c29d7a694e32,2017-04-09,2017-04-12,2017-04-18
42506924deef,2017-04-06,2017-04-12,2017-04-14
d02703040880,2017-03-23,2017-04-12,2017-04-18
29bfeec4663e,2017-04-05,2017-04-12,2017-04-18
4bba082f0a28,2017-03-13,2017-04-12,2017-04-12
7e83bd83d61e,2017-04-17,2017-04-17,2017-04-18
b99da18278d3,2017-04-15,2017-04-15,2017-04-18
f7ce19825af0,2017-04-07,2017-04-12,2017-04-18
663a82873dfe,2017-03-20,2017-04-12,2017-04-18
b6c73b0308d8,2017-04-12,2017-04-12,2017-04-18
f2d4fac382fc,2017-03-16,2017-04-12,2017-04-14
c5ae0e1e563d,2017-04-16,2017-04-16,2017-04-18
980f6f4c3536,2017-04-06,2017-04-12,2017-04-18
482f6c8c25d3,2017-04-03,2017-04-12,2017-04-18
e1636122a183,2017-04-13,2017-04-13,2017-04-18
a4ca283d5fe0,2017-03-30,2017-04-12,2017-04-18
71f7797ba26e,2017-04-02,2017-04-12,2017-04-18
be7a3564aea4,2017-03-17,2017-04-12,2017-04-16
8d37a9ac2fec,2017-03-23,2017-04-12,2017-04-18
2af74de5b53c,2017-04-13,2017-04-13,2017-04-18
4842547aac16,2017-04-13,2017-04-13,2017-04-18
41f9c7d99047,2017-03-14,2017-04-12,2017-04-13
d8b6f4ec498d,2017-04-13,2017-04-13,2017-04-18
27d208ccd3b2,2017-03-14,2017-04-12,2017-04-13
0c0a48cdc542,2017-04-02,2017-04-12,2017-04-18
76d52827f7d1,2017-04-02,2017-04-12,2017-04-18
2910cd760eac,2017-04-02,2017-04-12,2017-04-18
7ec0fe0c0150,2017-04-09,2017-04-12,2017-04-18
120cf57b313a,2017-04-04,2017-04-12,2017-04-18
b2b3bd88ba86,2017-03-22,2017-04-12,2017-04-18
0a1289481a55,2017-03-23,2017-04-12,2017-04-18
6e39f761be92,2017-04-13,2017-04-13,2017-04-18
888cba87ec44,2017-04-11,2017-04-12,2017-04-18
814daa897eb3,2017-04-06,2017-04-12,2017-04-18
2cb6d67598bf,2017-03-21,2017-04-12,2017-04-18
6958f66d70af,2017-04-17,2017-04-17,2017-04-18
bb3771ac9fb4,2017-04-17,2017-04-17,2017-04-18
5d01d6c9b6d8,2017-03-30,2017-04-12,2017-04-18
7bc1e8d75da3,2017-04-13,2017-04-13,2017-04-18
e51090b3de16,2017-04-12,2017-04-12,2017-04-13
e3a9b8b2e653,2017-04-05,2017-04-12,2017-04-18
0876ad50bf0c,2017-03-29,2017-04-12,2017-04-18
b9602e296b7a,2017-03-30,2017-04-12,2017-04-18
dd440cbb946e,2017-04-06,2017-04-12,2017-04-18
7529e7a9aedf,2017-03-20,2017-04-12,2017-04-18
b9641252ef65,2017-03-23,2017-04-12,2017-04-18
c984c412769d,2017-03-23,2017-04-12,2017-04-18
5195beb63a55,2017-04-05,2017-04-12,2017-04-18
509ce76d0ff9,2017-03-22,2017-04-12,2017-04-18
91de5e80faba,2017-03-20,2017-04-12,2017-04-18
a769194f7590,2017-03-20,2017-04-12,2017-04-18
25a643fe4f84,2017-03-30,2017-04-12,2017-04-18
05c1415d40fc,2017-04-17,2017-04-17,2017-04-18
d358f80ecbb3,2017-03-21,2017-04-12,2017-04-18
409bc598c38e,2017-03-18,2017-04-12,2017-04-17
3f3509a997bb,2017-04-06,2017-04-12,2017-04-18
8ddd3dd10e07,2017-04-09,2017-04-12,2017-04-18
92e8388c161d,2017-03-16,2017-04-12,2017-04-14
8ff69363ca26,2017-03-18,2017-04-12,2017-04-16
6825d801fb1d,2017-03-26,2017-04-12,2017-04-18
81704da440a9,2017-04-14,2017-04-14,2017-04-18
49b8b6f9298a,2017-03-15,2017-04-12,2017-04-14
907032e13962,2017-03-17,2017-04-12,2017-04-16
6b418c6ac26c,2017-03-16,2017-04-12,2017-04-14
e42400f5b28b,2017-04-08,2017-04-12,2017-04-18
e7f80c5ed6a6,2017-04-03,2017-04-12,2017-04-18
0127488b0ad5,2017-04-18,2017-04-18,2017-04-18
2e84e26085b5,2017-03-15,2017-04-12,2017-04-14
da833c34b8e1,2017-04-14,2017-04-14,2017-04-18
9ef64792a810,2017-03-28,2017-04-12,2017-04-18
86b9a76c3310,2017-04-05,2017-04-12,2017-04-18
6fc4c8488f50,2017-04-05,2017-04-12,2017-04-18
570f9311b0ea,2017-04-01,2017-04-12,2017-04-18
11e8b4ce3ebd,2017-03-16,2017-04-12,2017-04-15
7c806310d3d9,2017-03-21,2017-04-12,2017-04-18
9e5b2e0cdede,2017-03-25,2017-04-12,2017-04-18
c6d1048565e4,2017-04-02,2017-04-12,2017-04-18
b9bf291069c0,2017-03-19,2017-04-12,2017-04-17
b92f14cd13b3,2017-04-12,2017-04-12,2017-04-18
a3883269ed13,2017-03-16,2017-04-12,2017-04-15
e4f4f56f93b8,2017-04-12,2017-04-12,2017-04-18
7bf290032476,2017-04-04,2017-04-12,2017-04-18
11593b16fcb3,2017-03-30,2017-04-12,2017-04-18
bca2a8cd86d5,2017-03-17,2017-04-12,2017-04-16
9e65fadc4c44,2017-04-16,2017-04-16,2017-04-18
3ecf6a81c284,2017-03-27,2017-04-12,2017-04-18
e1d9170d877c,2017-04-02,2017-04-12,2017-04-18
0cfc0a573664,2017-04-04,2017-04-12,2017-04-18
31d645755bc8,2017-03-21,2017-04-12,2017-04-18
20a97a431275,2017-04-07,2017-04-12,2017-04-18
c58a686f00b4,2017-03-14,2017-04-12,2017-04-13
20dfc2d4369d,2017-04-10,2017-04-12,2017-04-18
27fe1f617cec,2017-04-07,2017-04-12,2017-04-18
de85efd804ff,2017-04-17,2017-04-17,2017-04-18
a72d30918da4,2017-03-28,2017-04-12,2017-04-18
3738642168a1,2017-03-29,2017-04-12,2017-04-18
8236b035cd40,2017-04-03,2017-04-12,2017-04-18
3ad36988a3cd,2017-04-02,2017-04-12,2017-04-18
cfc0981c9109,2017-03-29,2017-04-12,2017-04-18
02c1b2d62707,2017-03-21,2017-04-12,2017-04-18
c98fd4ecdc64,2017-04-11,2017-04-12,2017-04-18
de65a69a8a1b,2017-03-14,2017-04-12,2017-04-13
5ee066088233,2017-03-29,2017-04-12,2017-04-18
39493a0fb423,2017-03-19,2017-04-12,2017-04-17
ecc71c0a159e,2017-04-10,2017-04-12,2017-04-18
218627e19160,2017-04-02,2017-04-12,2017-04-18
a00ac94ad752,2017-04-11,2017-04-12,2017-04-18
8590fe21dc25,2017-04-17,2017-04-17,2017-04-18
32b8f912af71,2017-03-31,2017-04-12,2017-04-18
6c25ba69ee33,2017-03-29,2017-04-12,2017-04-18
47896118506b,2017-03-17,2017-04-12,2017-04-15
eb8300519932,2017-03-30,2017-04-12,2017-04-18
faedf4730da5,2017-04-18,2017-04-18,2017-04-18
77849f7f4901,2017-04-02,2017-04-12,2017-04-18
a85032995811,2017-04-03,2017-04-12,2017-04-18
c9a934a0f00d,2017-04-02,2017-04-12,2017-04-18
3bff3749936b,2017-04-09,2017-04-12,2017-04-18
cdd25663f1f5,2017-04-06,2017-04-12,2017-04-18
e0043bad78f3,2017-04-01,2017-04-12,2017-04-18
635670d90d25,2017-03-22,2017-04-12,2017-04-18
f108b3584a94,2017-03-21,2017-04-12,2017-04-18
50c9dfb33dfe,2017-04-04,2017-04-12,2017-04-16
6499cc9094f6,2017-04-11,2017-04-12,2017-04-18
1a50a68831c0,2017-04-08,2017-04-12,2017-04-18
7a200891be77,2017-03-30,2017-04-12,2017-04-18
8af604e58293,2017-03-20,2017-04-12,2017-04-18
6c71968a6498,2017-03-19,2017-04-12,2017-04-17
1b99e2459bce,2017-03-24,2017-04-12,2017-04-18
3413ae891f4f,2017-03-14,2017-04-12,2017-04-12
d1dc7375586f,2017-04-10,2017-04-12,2017-04-18
df0b3cc72445,2017-04-02,2017-04-12,2017-04-18
356e4b68b473,2017-03-26,2017-04-12,2017-04-18
ae9baf799c54,2017-04-11,2017-04-12,2017-04-18
605664ed0986,2017-03-25,2017-04-12,2017-04-18
bafda100a63f,2017-04-01,2017-04-12,2017-04-18
28934dbf3b63,2017-03-13,2017-04-12,2017-04-12
dd5a47fdbfdc,2017-03-29,2017-04-12,2017-04-18
73d917093ae1,2017-04-03,2017-04-12,2017-04-18
0ac9863a11aa,2017-03-17,2017-04-12,2017-04-15
169c0ed6a1b0,2017-03-16,2017-04-12,2017-04-15
4c537e466c57,2017-04-08,2017-04-12,2017-04-18
70864db77734,2017-03-24,2017-04-12,2017-04-18
521b60469283,2017-03-18,2017-04-12,2017-04-16
49f0e1d8b094,2017-04-01,2017-04-12,2017-04-18
6f7a5a99074e,2017-03-15,2017-04-12,2017-04-14
12c42fac407c,2017-04-04,2017-04-12,2017-04-18
ef94c1c88884,2017-03-17,2017-04-12,2017-04-15
d2906de94bed,2017-04-04,2017-04-12,2017-04-18
64a3ad3f4560,2017-04-17,2017-04-17,2017-04-18
4eb5e7d6c05c,2017-04-09,2017-04-12,2017-04-18
5ba502facb11,2017-04-13,2017-04-13,2017-04-18
2c730d997d86,2017-04-17,2017-04-17,2017-04-18
a11a67340388,2017-04-05,2017-04-12,2017-04-18
0c32e46694d5,2017-03-19,2017-04-12,2017-04-18
3c9724546bc5,2017-04-10,2017-04-12,2017-04-18
9d2516477edd,2017-04-12,2017-04-12,2017-04-18
42ffb55a928f,2017-03-18,2017-04-12,2017-04-16
973bc10b75bb,2017-04-03,2017-04-12,2017-04-18
dd6940740a3d,2017-03-16,2017-04-12,2017-04-15
945c6b0740e0,2017-04-01,2017-04-12,2017-04-18
a4e8bc45c895,2017-04-05,2017-04-12,2017-04-18
fc9edcb2161d,2017-04-08,2017-04-12,2017-04-18
7b3ed1549584,2017-04-11,2017-04-12,2017-04-18
f6918d362c08,2017-03-28,2017-04-12,2017-04-18
882b668e53c3,2017-04-01,2017-04-12,2017-04-18
945c8f51015d,2017-03-17,2017-04-12,2017-04-16
9f0c55dc9d53,2017-04-06,2017-04-12,2017-04-18
2747cd21e173,2017-04-12,2017-04-12,2017-04-13
fed4cf2b3a43,2017-03-15,2017-04-12,2017-04-14
5d5e86da5ea7,2017-04-02,2017-04-12,2017-04-18
de816890ebb1,2017-04-01,2017-04-12,2017-04-18
fe4c3eba0fd4,2017-03-31,2017-04-12,2017-04-18
580a6435f4d3,2017-04-15,2017-04-15,2017-04-18
66f246f8260e,2017-04-17,2017-04-17,2017-04-18
b9cf2e998b7a,2017-04-12,2017-04-12,2017-04-18
bf651401121b,2017-04-07,2017-04-12,2017-04-18
a7f86ac0c244,2017-03-20,2017-04-12,2017-04-18
2839b167300f,2017-04-04,2017-04-12,2017-04-18
ec985ecf12f0,2017-03-24,2017-04-12,2017-04-18
d0792d61b2fe,2017-03-21,2017-04-12,2017-04-18
a4870378889c,2017-03-29,2017-04-12,2017-04-18
c25fe44cdca7,2017-04-04,2017-04-12,2017-04-18
7698a44f06b4,2017-04-05,2017-04-12,2017-04-18
c91927539db6,2017-04-18,2017-04-18,2017-04-18
f93803b3e001,2017-04-06,2017-04-12,2017-04-18
af9bbbfd40ab,2017-04-13,2017-04-13,2017-04-18
75437be3b0a7,2017-03-18,2017-04-12,2017-04-17
9c439cca4856,2017-04-10,2017-04-12,2017-04-18
242a55a30a14,2017-04-17,2017-04-17,2017-04-18
c065580f3fea,2017-03-23,2017-04-12,2017-04-18
b86dde8373e6,2017-04-12,2017-04-12,2017-04-18
9af4f3003e96,2017-04-07,2017-04-12,2017-04-18
ec3f16ee487e,2017-04-01,2017-04-12,2017-04-18
ce08f8adfb3f,2017-04-05,2017-04-12,2017-04-18
11453bd6b8b9,2017-04-16,2017-04-16,2017-04-18
f0010c1e9529,2017-04-10,2017-04-12,2017-04-18
03ade797e125,2017-04-03,2017-04-12,2017-04-18
839ffaa9de14,2017-03-26,2017-04-12,2017-04-18
a8ca2743e208,2017-03-26,2017-04-12,2017-04-18
9f905702bf4a,2017-04-18,2017-04-18,2017-04-18
dc59d6e178a8,2017-04-13,2017-04-13,2017-04-18
f62eb2654686,2017-03-24,2017-04-12,2017-04-18
abb07f2b0753,2017-04-07,2017-04-12,2017-04-18
b371fafb028e,2017-03-19,2017-04-12,2017-04-18
0c6b528c108b,2017-03-28,2017-04-12,2017-04-18
0f47515ff785,2017-03-20,2017-04-12,2017-04-18
76d4dbf0424d,2017-04-08,2017-04-12,2017-04-18
e30f50011400,2017-04-13,2017-04-13,2017-04-18
90cc15a560be,2017-04-15,2017-04-15,2017-04-15
fb76f2c54241,2017-03-16,2017-04-12,2017-04-14
fb5c4d557597,2017-03-17,2017-04-12,2017-04-16
b2e3190100be,2017-03-19,2017-04-12,2017-04-18
e778365230c7,2017-04-10,2017-04-12,2017-04-18
ea656321403d,2017-03-29,2017-04-12,2017-04-18
b704175aaafc,2017-04-05,2017-04-12,2017-04-18
e95cd8802cd5,2017-04-07,2017-04-12,2017-04-18
7cc01f199ab2,2017-04-05,2017-04-12,2017-04-18
de988755e7fe,2017-04-05,2017-04-12,2017-04-18
f8155e3546b9,2017-04-11,2017-04-12,2017-04-18
87e766886291,2017-04-11,2017-04-12,2017-04-18
7eac05104636,2017-03-15,2017-04-12,2017-04-14
b375b8f68872,2017-03-30,2017-04-12,2017-04-18
0b9fb4ab37d9,2017-03-31,2017-04-12,2017-04-18
dc27b2826ab2,2017-03-22,2017-04-12,2017-04-18
866e433ef7e4,2017-04-04,2017-04-12,2017-04-18
ad7c3bac1f7a,2017-03-26,2017-04-12,2017-04-18
c8093209bb3e,2017-04-16,2017-04-16,2017-04-18
6e36a8f4c694,2017-04-10,2017-04-12,2017-04-18
1d12b5c242ba,2017-03-28,2017-04-12,2017-04-18
47437ba36d91,2017-03-15,2017-04-12,2017-04-13
260af84a82b3,2017-03-22,2017-04-12,2017-04-18
6409d1c6379f,2017-04-17,2017-04-17,2017-04-18
3f9f12b32fa8,2017-04-17,2017-04-17,2017-04-18
5ff0a3d05b01,2017-04-07,2017-04-12,2017-04-18
7dcc78ccdf75,2017-04-06,2017-04-12,2017-04-18
b1895d83cd93,2017-03-22,2017-04-12,2017-04-18
75bbaf23947a,2017-04-15,2017-04-15,2017-04-18
5f8437901454,2017-04-08,2017-04-12,2017-04-18
f75eb878b408,2017-03-28,2017-04-12,2017-04-18
eb7b85b04e58,2017-03-31,2017-04-12,2017-04-18
1dea318806f4,2017-04-12,2017-04-12,2017-04-18
96d4358abf40,2017-03-23,2017-04-12,2017-04-18
159945c91322,2017-04-02,2017-04-12,2017-04-18
aebc9ddd78ba,2017-03-23,2017-04-12,2017-04-18
a24eb6453f9b,2017-03-21,2017-04-12,2017-04-18
27addd6c02f5,2017-03-16,2017-04-12,2017-04-15
7834388d2c16,2017-04-10,2017-04-12,2017-04-18
a5f52925b759,2017-04-04,2017-04-12,2017-04-18
c38ccec4f5ce,2017-04-15,2017-04-15,2017-04-18
0aacc214ad6e,2017-03-28,2017-04-12,2017-04-18
c503caddcc8b,2017-03-23,2017-04-12,2017-04-18
4d386556a6c3,2017-04-14,2017-04-14,2017-04-18
4f9049bd776c,2017-03-21,2017-04-12,2017-04-18
7bd6b316f4a7,2017-04-11,2017-04-12,2017-04-18
8a48ecadd628,2017-04-18,2017-04-18,2017-04-18
fe13b6e8c23a,2017-03-30,2017-04-12,2017-04-18
7ea9e0508dd7,2017-03-18,2017-04-12,2017-04-16
cfe73dbc2d1d,2017-03-28,2017-04-12,2017-04-18
800643226723,2017-04-11,2017-04-12,2017-04-18
521326510756,2017-03-18,2017-04-12,2017-04-17
b1840b7bd63d,2017-03-14,2017-04-12,2017-04-12
e95a44ee7d97,2017-03-19,2017-04-12,2017-04-18
90120e6fd9f4,2017-03-24,2017-04-12,2017-04-13
aade1438067e,2017-03-26,2017-04-12,2017-04-18
eb65d75eb5eb,2017-03-26,2017-04-12,2017-04-18
bc0a0287a06d,2017-03-31,2017-04-12,2017-04-18
c37645d87f5b,2017-03-20,2017-04-12,2017-04-18
af8fb8598d0f,2017-03-22,2017-04-12,2017-04-18
82bfa6392ec4,2017-04-09,2017-04-12,2017-04-18
e5d6d757be41,2017-04-15,2017-04-15,2017-04-16
a284c32781b0,2017-03-31,2017-04-12,2017-04-18
352ae6b9da93,2017-04-17,2017-04-17,2017-04-18
098030c0db6e,2017-03-30,2017-04-12,2017-04-18
a33daa2de02c,2017-04-05,2017-04-12,2017-04-18
31689b68def8,2017-04-05,2017-04-12,2017-04-18
b9e5b7be5c35,2017-03-24,2017-04-12,2017-04-18
f63ffc11cd74,2017-03-23,2017-04-12,2017-04-18
b121e4056fa8,2017-03-31,2017-04-12,2017-04-18
edfe0d537079,2017-03-17,2017-04-12,2017-04-15
b5568f396496,2017-04-05,2017-04-12,2017-04-18
9d6e02294cf7,2017-03-28,2017-04-12,2017-04-18
3155856cda18,2017-04-14,2017-04-14,2017-04-18
b65a08497d15,2017-04-14,2017-04-14,2017-04-18
693f0be5f9a2,2017-04-01,2017-04-12,2017-04-18
3a558c1729d1,2017-04-17,2017-04-17,2017-04-18
adf607b65a15,2017-04-05,2017-04-12,2017-04-18
cef091951244,2017-04-03,2017-04-12,2017-04-18
7b995e530cd7,2017-03-16,2017-04-12,2017-04-15
934814249de9,2017-04-04,2017-04-12,2017-04-18
d0bfc0bb4a4c,2017-03-25,2017-04-12,2017-04-18
2f69f3900929,2017-04-17,2017-04-17,2017-04-18
98e12dffca6a,2017-03-30,2017-04-12,2017-04-18
af692e66ee84,2017-04-15,2017-04-15,2017-04-18
9dc7ee1150d5,2017-03-28,2017-04-12,2017-04-18
d5644c091f32,2017-04-10,2017-04-12,2017-04-18
5c6df740fd6d,2017-04-11,2017-04-12,2017-04-18
9d8cf2cc0db5,2017-04-02,2017-04-12,2017-04-18
6d3c423fa878,2017-03-27,2017-04-12,2017-04-18
1d642b8e4f14,2017-04-13,2017-04-13,2017-04-18
f67893791e04,2017-04-06,2017-04-12,2017-04-18
d2ccd6b72362,2017-03-30,2017-04-12,2017-04-18
7644ebad3405,2017-04-10,2017-04-12,2017-04-18
cf4b6d4e4988,2017-04-01,2017-04-12,2017-04-18
bb4d93b03273,2017-03-14,2017-04-12,2017-04-12
90eceae7080e,2017-04-08,2017-04-12,2017-04-18
f0c479302ebf,2017-04-07,2017-04-12,2017-04-18
22ed7d0d060c,2017-03-21,2017-04-12,2017-04-18
402ee580b9c7,2017-04-11,2017-04-12,2017-04-18
bfe94dbfe684,2017-04-05,2017-04-12,2017-04-18
650d093b62fd,2017-04-07,2017-04-12,2017-04-18
c0049347d5eb,2017-03-15,2017-04-12,2017-04-13
47b3769c8b41,2017-03-29,2017-04-12,2017-04-18
82e8c9dc8af1,2017-04-02,2017-04-12,2017-04-18
927cc1a7ed27,2017-03-30,2017-04-12,2017-04-18
8bcb4501cb1d,2017-03-18,2017-04-12,2017-04-17
492d2021541f,2017-04-15,2017-04-15,2017-04-18
e02bf2d2f049,2017-04-06,2017-04-12,2017-04-18
d65ca99338d6,2017-04-01,2017-04-12,2017-04-18
32afb002db19,2017-04-06,2017-04-12,2017-04-18
4f08c8036e84,2017-04-02,2017-04-12,2017-04-18
a29235ccb67b,2017-04-17,2017-04-17,2017-04-18
d6507ec5af90,2017-04-02,2017-04-12,2017-04-18
10bcf8e49be5,2017-04-15,2017-04-15,2017-04-18
e2682b4a1123,2017-04-03,2017-04-12,2017-04-18
4ea0eeb967d8,2017-03-24,2017-04-12,2017-04-18
6da573532399,2017-03-22,2017-04-12,2017-04-18
e41a44c5749f,2017-03-28,2017-04-12,2017-04-18
f00e330165af,2017-03-14,2017-04-12,2017-04-13
e7a27dfb335f,2017-04-07,2017-04-12,2017-04-18
f513ed3fb05c,2017-04-07,2017-04-12,2017-04-18
7f7f7c9ddd3b,2017-04-17,2017-04-17,2017-04-18
9ef07092cb3c,2017-04-16,2017-04-16,2017-04-18
29b2ae34cde0,2017-03-21,2017-04-12,2017-04-18
9ec461d43a20,2017-03-21,2017-04-12,2017-04-18
5ad745534758,2017-04-13,2017-04-13,2017-04-14
9a05b5e06a6e,2017-04-02,2017-04-12,2017-04-18
0418428b5fb6,2017-03-16,2017-04-12,2017-04-15
b72f81b919f4,2017-04-06,2017-04-12,2017-04-18
b74ef5c4e63d,2017-04-15,2017-04-15,2017-04-18
cd4d02b558d1,2017-03-22,2017-04-12,2017-04-18
38487a76e526,2017-03-30,2017-04-12,2017-04-18
248c130dd5ce,2017-03-29,2017-04-12,2017-04-18
5d7ba3352f4f,2017-04-17,2017-04-17,2017-04-18
06fb25d40692,2017-04-15,2017-04-15,2017-04-18
677577ae8788,2017-04-18,2017-04-18,2017-04-18
11227e075399,2017-04-06,2017-04-12,2017-04-18
9da97cb4a5ea,2017-03-17,2017-04-12,2017-04-16
42c1a0a87c4b,2017-04-04,2017-04-12,2017-04-18
a196356b998d,2017-03-15,2017-04-12,2017-04-14
cb012728ef69,2017-04-01,2017-04-12,2017-04-18
70b13e23fd35,2017-04-09,2017-04-12,2017-04-18
deb2dc6959f1,2017-04-08,2017-04-12,2017-04-18
7533fc8ef057,2017-04-17,2017-04-17,2017-04-18
b00a1601316e,2017-03-30,2017-04-12,2017-04-18
3703d3d75ca1,2017-04-09,2017-04-12,2017-04-18
53eb78f7d099,2017-04-04,2017-04-12,2017-04-18
9ef254c61466,2017-04-02,2017-04-12,2017-04-18
5fb363e3894e,2017-03-16,2017-04-12,2017-04-15
92e85ac52c0f,2017-03-18,2017-04-12,2017-04-16
d858bf16e23f,2017-04-08,2017-04-12,2017-04-18
27357e12e4bf,2017-03-23,2017-04-12,2017-04-18
0028f84362b8,2017-04-06,2017-04-12,2017-04-18
e4744464c955,2017-03-27,2017-04-12,2017-04-18
30e666c363a4,2017-03-13,2017-04-12,2017-04-12
6ad10df3a82d,2017-03-27,2017-04-12,2017-04-18
cac919cab351,2017-03-18,2017-04-12,2017-04-16
e547b12dc72d,2017-03-30,2017-04-12,2017-04-18
1e7fa50d9256,2017-03-23,2017-04-12,2017-04-18
4c07ace70449,2017-04-04,2017-04-12,2017-04-18
09bfce2e3fa3,2017-03-29,2017-04-12,2017-04-18
15e58c3483b0,2017-04-09,2017-04-12,2017-04-18
fed2ce304cbe,2017-04-02,2017-04-12,2017-04-18
de2b6004c6bd,2017-04-11,2017-04-12,2017-04-18
fc86195e3cfe,2017-04-07,2017-04-12,2017-04-18
805d85a75269,2017-04-12,2017-04-12,2017-04-18
22c9d168a40f,2017-04-11,2017-04-12,2017-04-18
29f11b4762af,2017-04-12,2017-04-12,2017-04-18
7a3691c74f6f,2017-03-27,2017-04-12,2017-04-18
345c250b7dd8,2017-03-26,2017-04-12,2017-04-18
1146af4df076,2017-04-10,2017-04-12,2017-04-18
0ecbd2c05b9c,2017-04-17,2017-04-17,2017-04-18
eaa2dd0ab1e3,2017-04-03,2017-04-12,2017-04-18
9f3edca5de58,2017-04-02,2017-04-12,2017-04-18
93d20951c004,2017-04-01,2017-04-12,2017-04-18
6db696424ac8,2017-03-14,2017-04-12,2017-04-13
1f983cfbeb38,2017-04-01,2017-04-12,2017-04-18
66df02289c04,2017-03-20,2017-04-12,2017-04-18
a95bbc864c90,2017-03-28,2017-04-12,2017-04-17
f2aab8b64c5f,2017-03-25,2017-04-12,2017-04-18
ebc580a229a5,2017-04-16,2017-04-16,2017-04-18
0f1bad64bf00,2017-03-25,2017-04-12,2017-04-18
154ecd4ff648,2017-03-15,2017-04-12,2017-04-14
e432f224f8d9,2017-04-09,2017-04-12,2017-04-18
7af0828fab3d,2017-04-10,2017-04-12,2017-04-18
77762093995a,2017-03-20,2017-04-12,2017-04-18
48bc226a9e78,2017-04-11,2017-04-12,2017-04-18
3efc180cde17,2017-03-23,2017-04-12,2017-04-18
14992aac5b64,2017-03-15,2017-04-12,2017-04-13
9c01c7082e0c,2017-04-14,2017-04-14,2017-04-18
b6f27c46e9ae,2017-03-17,2017-04-12,2017-04-16
80f32940069a,2017-04-11,2017-04-12,2017-04-18
cf5cb11bbadc,2017-03-15,2017-04-12,2017-04-14
f26ef2d9869c,2017-03-27,2017-04-12,2017-04-18
f5fc48f71ba5,2017-04-01,2017-04-12,2017-04-18
c1fabad88654,2017-04-17,2017-04-17,2017-04-18
0cafef64ab48,2017-04-13,2017-04-13,2017-04-18
f1903985404b,2017-03-18,2017-04-12,2017-04-17
462c5d2c2e0f,2017-03-15,2017-04-12,2017-04-14
52619ee53124,2017-03-30,2017-04-12,2017-04-18
bf5f0efd5a71,2017-03-14,2017-04-12,2017-04-13
d6a2e169d37a,2017-03-19,2017-04-12,2017-04-18
09b0f54e8877,2017-03-28,2017-04-12,2017-04-18
3e456717066c,2017-03-31,2017-04-12,2017-04-18
aaadb7dfbe24,2017-04-12,2017-04-12,2017-04-18
936fb348973b,2017-04-05,2017-04-12,2017-04-18
1948b62937ae,2017-04-09,2017-04-12,2017-04-18
c9bdcf593dd9,2017-04-04,2017-04-12,2017-04-18
a8f888fe7517,2017-03-26,2017-04-12,2017-04-18
51cf7fd3d6bc,2017-03-31,2017-04-12,2017-04-18
951199206dc6,2017-03-26,2017-04-12,2017-04-18
8d0c63962a5d,2017-04-16,2017-04-16,2017-04-18
9b5807784927,2017-04-07,2017-04-12,2017-04-18
05f5c8c1a7d6,2017-04-13,2017-04-13,2017-04-17
db26f4cbe181,2017-03-27,2017-04-12,2017-04-18
db4051030f0e,2017-03-18,2017-04-12,2017-04-16
ef2e4b464ee4,2017-04-08,2017-04-12,2017-04-18
25731c8cef4e,2017-04-04,2017-04-12,2017-04-18
d375fd7fa3b4,2017-03-16,2017-04-12,2017-04-14
93449cc86272,2017-03-18,2017-04-12,2017-04-17
1029b55b2f23,2017-04-14,2017-04-14,2017-04-18
cf0ab4c4b2ab,2017-04-13,2017-04-13,2017-04-18
7bf89cd12c3c,2017-03-26,2017-04-12,2017-04-18
ab82b2123260,2017-04-09,2017-04-12,2017-04-13
c7a16a61e9b9,2017-04-04,2017-04-12,2017-04-18
f4a48d4e3f34,2017-04-13,2017-04-13,2017-04-18
1ef205c24f3a,2017-03-27,2017-04-12,2017-04-18
8a142fa08866,2017-03-20,2017-04-12,2017-04-18
2307146602c8,2017-04-04,2017-04-12,2017-04-18
58b8aa082176,2017-04-18,2017-04-18,2017-04-18
14ff1a7e780f,2017-03-28,2017-04-12,2017-04-18
03cbc2873925,2017-04-04,2017-04-12,2017-04-18
f3b676db1889,2017-04-09,2017-04-12,2017-04-14
0db320da91c4,2017-04-13,2017-04-13,2017-04-18
83cc11041fbf,2017-04-06,2017-04-12,2017-04-18
aea3ea9feecb,2017-03-24,2017-04-12,2017-04-18
e27da17c763e,2017-04-02,2017-04-12,2017-04-18
4ef5f3f5e53a,2017-04-07,2017-04-12,2017-04-18
fb9c8afaee16,2017-04-09,2017-04-12,2017-04-18
385284aa31d4,2017-04-11,2017-04-12,2017-04-18
6d284309d516,2017-04-06,2017-04-12,2017-04-18
4713343b92d6,2017-04-07,2017-04-12,2017-04-18
3de34b94298d,2017-03-26,2017-04-12,2017-04-18
869e01e560dc,2017-04-02,2017-04-12,2017-04-18
1a381dddab2b,2017-04-12,2017-04-12,2017-04-18
3da6d77dbdf8,2017-04-01,2017-04-12,2017-04-18
e85b985bbad6,2017-04-05,2017-04-12,2017-04-18
3fdfbf75d5a3,2017-04-07,2017-04-12,2017-04-18
cc320063c9dd,2017-03-31,2017-04-12,2017-04-18
2e7e05fb758d,2017-04-06,2017-04-12,2017-04-18
b735f34b5db0,2017-04-13,2017-04-13,2017-04-18
7393065fb7a6,2017-03-30,2017-04-12,2017-04-18
ab69050287b3,2017-03-31,2017-04-12,2017-04-18
9310daf8fd71,2017-03-17,2017-04-12,2017-04-15
876b989ecb11,2017-04-04,2017-04-12,2017-04-18
14bdcdafeea8,2017-03-14,2017-04-12,2017-04-13
f126d170a62d,2017-03-23,2017-04-12,2017-04-18
2652890a0e6e,2017-03-20,2017-04-12,2017-04-18
164e9563d0b7,2017-04-14,2017-04-14,2017-04-18
cbfff54e14e1,2017-04-05,2017-04-12,2017-04-18
d3b0a4eb67b4,2017-04-10,2017-04-12,2017-04-18
a8c6c56f75fe,2017-04-17,2017-04-17,2017-04-18
ab3bcbd3cfa7,2017-03-15,2017-04-12,2017-04-13
e84b3f108343,2017-03-20,2017-04-12,2017-04-18
40db66475f94,2017-03-16,2017-04-12,2017-04-15
de19996f9f64,2017-04-07,2017-04-12,2017-04-18
de4d3d51d7d7,2017-03-13,2017-04-12,2017-04-12
03ff212f9c21,2017-04-06,2017-04-12,2017-04-18
3114a9d8221b,2017-04-02,2017-04-12,2017-04-18
d731b027f809,2017-03-21,2017-04-12,2017-04-18
125f25484069,2017-03-21,2017-04-12,2017-04-18
2991d446c13e,2017-04-18,2017-04-18,2017-04-18
da14f2738d78,2017-03-14,2017-04-12,2017-04-13
70c146b92e66,2017-04-06,2017-04-12,2017-04-18
8029ad13bb37,2017-03-22,2017-04-12,2017-04-18
aec1f83fd9ff,2017-03-20,2017-04-12,2017-04-18
2aaf3ae6bd09,2017-04-11,2017-04-12,2017-04-18
1710bd37fb38,2017-04-05,2017-04-12,2017-04-18
b2cb1ef7992a,2017-04-17,2017-04-17,2017-04-18
f13f20521f14,2017-04-15,2017-04-15,2017-04-18
e8e3e427610f,2017-04-09,2017-04-12,2017-04-18
b7886ae085d2,2017-04-11,2017-04-12,2017-04-18
2ffa13d98916,2017-03-13,2017-04-12,2017-04-12
ae4effac3962,2017-04-13,2017-04-13,2017-04-18
38ef112868a1,2017-03-21,2017-04-12,2017-04-18
f1f60e7f1fa0,2017-03-30,2017-04-12,2017-04-15
1c60645759e9,2017-03-22,2017-04-12,2017-04-18
8ca39b6e75f7,2017-04-05,2017-04-12,2017-04-16
ed0485e3bca9,2017-03-19,2017-04-12,2017-04-18
5721239fa683,2017-03-18,2017-04-12,2017-04-17
8e6efef198d1,2017-04-07,2017-04-12,2017-04-13
6e06bd7491f4,2017-04-04,2017-04-12,2017-04-18
7c5497cff093,2017-03-31,2017-04-12,2017-04-18
f65758c2dd5b,2017-03-30,2017-04-12,2017-04-18
43011b7737cf,2017-03-18,2017-04-12,2017-04-17
274dc7ace78b,2017-03-22,2017-04-12,2017-04-18
17d20435d705,2017-04-08,2017-04-12,2017-04-18
c7075cf69a74,2017-04-13,2017-04-13,2017-04-18
009b55fb8d76,2017-04-05,2017-04-12,2017-04-18
60bc1972956b,2017-04-11,2017-04-12,2017-04-13
83c00f97888c,2017-03-22,2017-04-12,2017-04-18
19fb275b1f28,2017-04-05,2017-04-12,2017-04-18
7e69c05fe2a5,2017-04-18,2017-04-18,2017-04-18
7f22db55ed4f,2017-03-20,2017-04-12,2017-04-18
40b5da566be1,2017-04-11,2017-04-12,2017-04-18
bb60ece8d635,2017-04-04,2017-04-12,2017-04-18
187dbfc7f675,2017-03-19,2017-04-12,2017-04-17
c9bcd2b1ebd2,2017-04-09,2017-04-12,2017-04-18
e86fc6435965,2017-04-03,2017-04-12,2017-04-18
cc974e35f93f,2017-04-06,2017-04-12,2017-04-18
c71f230964c0,2017-03-29,2017-04-12,2017-04-18
1781af21ec63,2017-04-04,2017-04-12,2017-04-18
8f48f93c542f,2017-03-25,2017-04-12,2017-04-18
d5d501394ba9,2017-04-07,2017-04-12,2017-04-18
0d65295aa834,2017-04-11,2017-04-12,2017-04-18
c5e3cd079b47,2017-04-05,2017-04-12,2017-04-18
833c93948561,2017-04-09,2017-04-12,2017-04-18
eb987c7ab6a3,2017-04-01,2017-04-12,2017-04-18
e9af44b64a05,2017-03-20,2017-04-12,2017-04-18
58dfe1af8215,2017-04-18,2017-04-18,2017-04-18
1e52f8bfac84,2017-04-08,2017-04-12,2017-04-18
6d3846a32898,2017-03-27,2017-04-12,2017-04-18
316432c02fb9,2017-03-16,2017-04-12,2017-04-15
17f6c7619353,2017-04-04,2017-04-12,2017-04-18
216a73b8fe58,2017-03-19,2017-04-12,2017-04-17
61a23b9b5b60,2017-04-08,2017-04-12,2017-04-18
7a9d074f597c,2017-04-11,2017-04-12,2017-04-18
05394cca079e,2017-04-10,2017-04-12,2017-04-18
82f2e28768f9,2017-03-25,2017-04-12,2017-04-18
22478687d060,2017-04-01,2017-04-12,2017-04-18
ff1a1c086813,2017-04-13,2017-04-13,2017-04-18
7c62265bae38,2017-04-12,2017-04-12,2017-04-18
b365068ca009,2017-03-20,2017-04-12,2017-04-18
37886f196bf7,2017-03-19,2017-04-12,2017-04-18
47d71dbaa695,2017-04-13,2017-04-13,2017-04-18
6fffb7d46de8,2017-03-19,2017-04-12,2017-04-18
672651bc0d53,2017-04-09,2017-04-12,2017-04-18
72eb59acef59,2017-03-20,2017-04-12,2017-04-18
1dac44aaee82,2017-04-01,2017-04-12,2017-04-18
ff69e847aa84,2017-03-27,2017-04-12,2017-04-18
5445965f545e,2017-03-17,2017-04-12,2017-04-16
527ae1233f2f,2017-03-24,2017-04-12,2017-04-18
3afbec1eecbb,2017-04-06,2017-04-12,2017-04-18
ed9985f07e3b,2017-03-28,2017-04-12,2017-04-18
882845d10786,2017-04-08,2017-04-12,2017-04-18
0e40a88e4ce3,2017-03-21,2017-04-12,2017-04-18
148b770e7089,2017-03-28,2017-04-12,2017-04-18
777e61706d98,2017-03-13,2017-04-12,2017-04-12
30883c5649a4,2017-04-08,2017-04-12,2017-04-18
428a6cb748ff,2017-03-29,2017-04-12,2017-04-18
b133db7b776b,2017-04-06,2017-04-12,2017-04-18
357ed8938157,2017-04-16,2017-04-16,2017-04-18
72152f7d6ce3,2017-03-26,2017-04-12,2017-04-18
07bc156446d5,2017-03-30,2017-04-12,2017-04-18
2e61b9afbeb0,2017-04-02,2017-04-12,2017-04-16
699a3df5a8ff,2017-03-20,2017-04-12,2017-04-18
b56cb4730f6a,2017-04-13,2017-04-13,2017-04-18
ebe9ce51d5c3,2017-04-12,2017-04-12,2017-04-18
1f0f4893d4f7,2017-04-17,2017-04-17,2017-04-18
091e87d55bb9,2017-04-11,2017-04-12,2017-04-18
41a58e7dd782,2017-04-11,2017-04-12,2017-04-18
dd4916714868,2017-04-11,2017-04-12,2017-04-18
397098b44fba,2017-04-15,2017-04-15,2017-04-18
02c84af2d2ab,2017-04-07,2017-04-12,2017-04-18
15640afee2be,2017-04-02,2017-04-12,2017-04-18
4df0991c93f7,2017-04-14,2017-04-14,2017-04-18
6fb86c813892,2017-03-19,2017-04-12,2017-04-18
2392428cb3da,2017-04-10,2017-04-12,2017-04-18
90369fba7d58,2017-03-27,2017-04-12,2017-04-18
af540201b023,2017-03-13,2017-04-12,2017-04-12
893a65452e35,2017-04-01,2017-04-12,2017-04-18
0b44d67fc61f,2017-04-17,2017-04-17,2017-04-18
7698552e82a4,2017-04-13,2017-04-13,2017-04-18
3b551ee7211c,2017-04-12,2017-04-12,2017-04-18
1b585df2ddb2,2017-03-15,2017-04-12,2017-04-13
fc7dfcb78686,2017-03-15,2017-04-12,2017-04-14
83f830761ed3,2017-04-10,2017-04-12,2017-04-18
7271edcd55e3,2017-04-12,2017-04-12,2017-04-18
568a31a9c548,2017-03-28,2017-04-12,2017-04-18
b8965dbcad70,2017-04-18,2017-04-18,2017-04-18
b2d0273959ff,2017-03-18,2017-04-12,2017-04-16
7d2a2db04717,2017-04-12,2017-04-12,2017-04-18
9ef383d2ca96,2017-04-15,2017-04-15,2017-04-18
70de360d8079,2017-04-05,2017-04-12,2017-04-18
ba1be64b48ec,2017-04-16,2017-04-16,2017-04-18
d4d34ec630b7,2017-04-09,2017-04-12,2017-04-18
2edc9714f45e,2017-04-04,2017-04-12,2017-04-18
b2d84f6c6c87,2017-03-22,2017-04-12,2017-04-18
01cbe57d2023,2017-04-02,2017-04-12,2017-04-18
aceb6854dff5,2017-03-27,2017-04-12,2017-04-18
aaf97478cdf4,2017-03-15,2017-04-12,2017-04-14
1b79564c600e,2017-04-18,2017-04-18,2017-04-18
7243b7e67394,2017-03-26,2017-04-12,2017-04-18
537bc0d40f55,2017-04-04,2017-04-12,2017-04-18
3e18cda939f8,2017-04-12,2017-04-13,2017-04-18
6c5007ad75f3,2017-03-25,2017-04-12,2017-04-18
6cf17aa1db6d,2017-04-13,2017-04-13,2017-04-18
d71f67114c2a,2017-03-30,2017-04-12,2017-04-18
f7d3fd794c05,2017-04-13,2017-04-13,2017-04-18
b352f850beb4,2017-03-22,2017-04-12,2017-04-18
527eacc0687b,2017-04-06,2017-04-12,2017-04-18
4995f23a767b,2017-04-08,2017-04-12,2017-04-18
a6bba1cb06e0,2017-04-09,2017-04-12,2017-04-18
1402c5c850d3,2017-03-14,2017-04-12,2017-04-13
be6d464f1af2,2017-04-15,2017-04-15,2017-04-18
70deb5d245fe,2017-03-27,2017-04-12,2017-04-17
8dc75db3f845,2017-04-03,2017-04-12,2017-04-18
7b414b15c29b,2017-03-29,2017-04-12,2017-04-18
ee7337ccc800,2017-04-11,2017-04-12,2017-04-18
78f9e1ecadb3,2017-04-11,2017-04-12,2017-04-18
a0bbd45152f0,2017-03-15,2017-04-12,2017-04-13
61246b358ff2,2017-04-06,2017-04-12,2017-04-18
684c335c4260,2017-04-08,2017-04-12,2017-04-18
23c32380e986,2017-04-03,2017-04-12,2017-04-18
8ed88e4147f5,2017-04-12,2017-04-12,2017-04-18
ce7a4e2bb591,2017-03-28,2017-04-12,2017-04-18
d585e1865ebf,2017-03-16,2017-04-12,2017-04-14
698576d0da83,2017-03-22,2017-04-12,2017-04-18
0f1d77d62a88,2017-03-30,2017-04-12,2017-04-18
d3e764083117,2017-04-09,2017-04-12,2017-04-18
333ff94eb60d,2017-03-21,2017-04-12,2017-04-18
8ac35471f456,2017-04-12,2017-04-12,2017-04-18
78b47b49cfdd,2017-04-07,2017-04-12,2017-04-18
839993011548,2017-04-07,2017-04-12,2017-04-18
9658eb8dbc4f,2017-04-17,2017-04-17,2017-04-18
58f8289163c5,2017-04-01,2017-04-12,2017-04-18
c7b6f81b96ae,2017-03-23,2017-04-12,2017-04-18
76a35c67b8d3,2017-04-14,2017-04-14,2017-04-18
43b872716234,2017-04-08,2017-04-12,2017-04-18
8b047888047e,2017-04-05,2017-04-12,2017-04-18
9fd5f0e292a3,2017-04-09,2017-04-12,2017-04-18
f32dd2cd7b2d,2017-04-09,2017-04-12,2017-04-18
b7a7ee81a663,2017-03-31,2017-04-12,2017-04-18
feccf4f40747,2017-03-30,2017-04-12,2017-04-18
cd7db0c70171,2017-04-14,2017-04-14,2017-04-18
04538e46efed,2017-04-07,2017-04-12,2017-04-18
6c5969f48fc1,2017-03-23,2017-04-12,2017-04-18
ab63eeebd37a,2017-04-11,2017-04-12,2017-04-18
3e888ba87c64,2017-04-10,2017-04-12,2017-04-18
d4c11f230ea9,2017-04-15,2017-04-15,2017-04-18
0446f18c55c8,2017-04-11,2017-04-12,2017-04-18
98008e417bb8,2017-04-11,2017-04-12,2017-04-18
99d0e0565ab9,2017-04-05,2017-04-12,2017-04-18
a5e5f7e95db1,2017-03-29,2017-04-12,2017-04-18
b8f5d899fca1,2017-04-11,2017-04-12,2017-04-18
fbecf886640a,2017-04-13,2017-04-13,2017-04-15
a0ac9f4023fa,2017-04-03,2017-04-12,2017-04-18
53f6a6c973bf,2017-04-14,2017-04-14,2017-04-18
9b6080e3a19a,2017-03-24,2017-04-12,2017-04-18
de2d960064be,2017-03-21,2017-04-12,2017-04-18
e0c0444398ba,2017-04-06,2017-04-12,2017-04-18
35e9a71629c6,2017-03-25,2017-04-12,2017-04-18
f4e37610b0bf,2017-03-16,2017-04-12,2017-04-14
d5b3771485a3,2017-04-10,2017-04-12,2017-04-18
df8eb4667351,2017-03-20,2017-04-12,2017-04-18
d77c8966adb6,2017-03-30,2017-04-12,2017-04-18
72ff76495b72,2017-04-13,2017-04-13,2017-04-18
9b527b938774,2017-04-05,2017-04-12,2017-04-18
88d7a5bda496,2017-04-07,2017-04-12,2017-04-18
9d5211cfc0d5,2017-04-02,2017-04-12,2017-04-18
6870bded9ac0,2017-04-14,2017-04-14,2017-04-18
353b58d1364c,2017-04-08,2017-04-12,2017-04-18
4a936f83708b,2017-04-06,2017-04-12,2017-04-18
e51154c297f4,2017-04-13,2017-04-13,2017-04-18
64297241f208,2017-04-12,2017-04-12,2017-04-18
7c122171de04,2017-03-23,2017-04-12,2017-04-18
4b2ce9954b94,2017-03-16,2017-04-12,2017-04-14
34cf5dbe28cc,2017-04-17,2017-04-17,2017-04-18
0b3d8d0454f1,2017-03-20,2017-04-12,2017-04-18
72208f8dec11,2017-03-28,2017-04-12,2017-04-18
2796b16a7cb5,2017-03-16,2017-04-12,2017-04-15
d5ad1835a779,2017-04-09,2017-04-12,2017-04-18
47cb0a463227,2017-03-21,2017-04-12,2017-04-18
b9266c127f7f,2017-03-26,2017-04-12,2017-04-18
5fc1e5491fef,2017-03-25,2017-04-12,2017-04-18
b50d8ad226f8,2017-03-24,2017-04-12,2017-04-18
9b2c48a9fcf2,2017-03-16,2017-04-12,2017-04-15
be2a2f499725,2017-03-14,2017-04-12,2017-04-12
2dc796a135e6,2017-03-23,2017-04-12,2017-04-18
a00676e2c20f,2017-03-28,2017-04-12,2017-04-18
bc0a54faba3b,2017-03-15,2017-04-12,2017-04-14
5504e487feea,2017-04-07,2017-04-12,2017-04-18
06126aecd0f2,2017-03-29,2017-04-12,2017-04-18
35df4fdf012a,2017-03-30,2017-04-12,2017-04-18
d8a5b8e420b7,2017-03-17,2017-04-12,2017-04-16
8d41455d7907,2017-03-18,2017-04-12,2017-04-16
25bb39752a86,2017-04-07,2017-04-12,2017-04-18
12ff2dfc2951,2017-03-24,2017-04-12,2017-04-18
a769bd89b787,2017-04-03,2017-04-12,2017-04-18
438843fae9f3,2017-03-15,2017-04-12,2017-04-14
ead229f52b0b,2017-03-12,2017-04-12,2017-04-18
4e7769eceb81,2017-04-01,2017-04-12,2017-04-18
6075192c69c0,2017-03-30,2017-04-12,2017-04-18
20446c0e7618,2017-04-10,2017-04-12,2017-04-18
9b1b538594a6,2017-04-04,2017-04-12,2017-04-18
a7dc77d85078,2017-04-02,2017-04-12,2017-04-18
a50814e5e33a,2017-04-14,2017-04-14,2017-04-18
3db5b361b174,2017-04-04,2017-04-12,2017-04-18
075fc69af191,2017-04-10,2017-04-12,2017-04-18
17a887bccaca,2017-04-14,2017-04-14,2017-04-18
6603c1ccfa16,2017-04-07,2017-04-12,2017-04-18
aedfaf4155be,2017-04-10,2017-04-12,2017-04-18
c25041b0dcff,2017-03-14,2017-04-12,2017-04-13
d473174a7528,2017-03-22,2017-04-12,2017-04-18
14be18d13a1e,2017-04-13,2017-04-13,2017-04-18
287d67d9e34e,2017-03-20,2017-04-12,2017-04-18
54d938aa4661,2017-03-25,2017-04-12,2017-04-18
70b576fccf32,2017-04-16,2017-04-16,2017-04-18
fceb79916049,2017-03-14,2017-04-12,2017-04-13
ab8d010d2ffd,2017-03-29,2017-04-12,2017-04-18
b22a90768c16,2017-03-14,2017-04-12,2017-04-13
b521f14de74e,2017-04-07,2017-04-12,2017-04-18
832656140aa1,2017-03-31,2017-04-12,2017-04-18
c6cf07ac9f8d,2017-04-07,2017-04-12,2017-04-18
3d082a241a7a,2017-04-03,2017-04-12,2017-04-18
341dbfc187e0,2017-03-21,2017-04-12,2017-04-18
fa7b8fbf76da,2017-04-13,2017-04-13,2017-04-18
f807489f8a86,2017-03-29,2017-04-12,2017-04-18
b5f9412f57d6,2017-04-02,2017-04-12,2017-04-18
724d553ffa22,2017-04-06,2017-04-12,2017-04-18
a53a33f34ca3,2017-03-26,2017-04-12,2017-04-18
eb295ae22e51,2017-04-05,2017-04-12,2017-04-18
678c91519f24,2017-04-06,2017-04-12,2017-04-18
5dc4fe2e28b2,2017-04-10,2017-04-12,2017-04-18
6a31f85c40e1,2017-04-17,2017-04-17,2017-04-18
fd0bf1800a08,2017-03-29,2017-04-12,2017-04-18
4184126fd3a8,2017-03-18,2017-04-12,2017-04-17
2065095cd8bb,2017-04-12,2017-04-12,2017-04-18
160993615d59,2017-03-15,2017-04-12,2017-04-13
e5e1744f5032,2017-04-08,2017-04-12,2017-04-18
0ff8e75bc831,2017-04-12,2017-04-12,2017-04-18
7b7e8b90efcf,2017-04-14,2017-04-14,2017-04-18
07d7cf113a2e,2017-04-06,2017-04-12,2017-04-18
8f8e3f4eb55a,2017-04-08,2017-04-12,2017-04-18
24a6d6c3681a,2017-03-23,2017-04-12,2017-04-18
88e16bab01d6,2017-03-24,2017-04-12,2017-04-18
5302e83bc610,2017-03-13,2017-04-12,2017-04-12
83b9b8e06bad,2017-03-20,2017-04-12,2017-04-18
dc7ff643b147,2017-03-31,2017-04-12,2017-04-18
770700ded2f4,2017-04-13,2017-04-13,2017-04-18
ba1db6990868,2017-04-17,2017-04-17,2017-04-18
b3858c0a4b4d,2017-04-03,2017-04-12,2017-04-18
89de2bc657c9,2017-04-03,2017-04-12,2017-04-18
df0e825f0571,2017-03-21,2017-04-12,2017-04-18
50d403b6e526,2017-04-10,2017-04-12,2017-04-18
2eaed396cd4c,2017-03-31,2017-04-12,2017-04-18
c0adaca389ae,2017-04-01,2017-04-12,2017-04-18
9e944009e433,2017-04-12,2017-04-12,2017-04-18
260b332e526c,2017-03-19,2017-04-12,2017-04-18
bab76f10a979,2017-03-19,2017-04-12,2017-04-18
1c45cf9af1cd,2017-04-17,2017-04-17,2017-04-18
21cc542a59e2,2017-03-30,2017-04-12,2017-04-18
3c3ceb6f7af9,2017-04-12,2017-04-12,2017-04-18
1146f0b61bf7,2017-03-19,2017-04-12,2017-04-18
87ec905893c6,2017-04-15,2017-04-15,2017-04-18
faa41b37fdf0,2017-03-14,2017-04-12,2017-04-12
e63bf4fd85c1,2017-04-10,2017-04-12,2017-04-18
626d4d88debd,2017-04-05,2017-04-12,2017-04-18
79b5f4da93e8,2017-04-18,2017-04-18,2017-04-18
d66edae0eb36,2017-04-10,2017-04-12,2017-04-18
c1c1c0bd5641,2017-03-21,2017-04-12,2017-04-18
a59bcd4faeda,2017-03-24,2017-04-12,2017-04-18
c2d90f60176b,2017-04-11,2017-04-12,2017-04-18
179df1d8d820,2017-03-25,2017-04-12,2017-04-18
9b3e2177edf1,2017-03-20,2017-04-12,2017-04-18
261cde48c692,2017-03-22,2017-04-12,2017-04-18
8230bd8ccad4,2017-04-15,2017-04-15,2017-04-18
e7f675c8a5fb,2017-04-12,2017-04-12,2017-04-16
052076b459df,2017-03-27,2017-04-12,2017-04-18
97c141fd9c6e,2017-04-09,2017-04-12,2017-04-18
699768bd0051,2017-04-03,2017-04-12,2017-04-18
4d89d78d848c,2017-03-31,2017-04-12,2017-04-18
e604bc80d28d,2017-03-27,2017-04-12,2017-04-18
c1d99c885593,2017-03-15,2017-04-12,2017-04-14
f59727959bff,2017-04-10,2017-04-12,2017-04-18
9192fdc7b543,2017-03-30,2017-04-12,2017-04-18
be0a8a2a6cc8,2017-03-14,2017-04-12,2017-04-13
e53220a6d871,2017-04-10,2017-04-12,2017-04-18
0bb8357afb8c,2017-03-30,2017-04-12,2017-04-18
2ffe0114ad45,2017-03-21,2017-04-12,2017-04-18
1ec05bf947d2,2017-03-24,2017-04-12,2017-04-18
c75a046caf1b,2017-04-09,2017-04-12,2017-04-18
c992c001849f,2017-03-24,2017-04-12,2017-04-18
0915313aed67,2017-03-27,2017-04-12,2017-04-18
d4317700a789,2017-04-18,2017-04-18,2017-04-18
19e5cc301a14,2017-04-13,2017-04-13,2017-04-16
a97826c8b337,2017-04-09,2017-04-12,2017-04-18
7985cbcca600,2017-04-13,2017-04-13,2017-04-18
59840992b08c,2017-03-26,2017-04-12,2017-04-18
b2a6d67c11b9,2017-03-21,2017-04-12,2017-04-18
818230582762,2017-03-31,2017-04-12,2017-04-18
6a432ae044b8,2017-04-05,2017-04-12,2017-04-18
f80174201b9b,2017-04-06,2017-04-12,2017-04-18
236b505e814e,2017-04-13,2017-04-13,2017-04-18
eb9b1cf8457f,2017-03-19,2017-04-12,2017-04-17
c937f960141d,2017-04-13,2017-04-13,2017-04-18
9a443944f827,2017-03-22,2017-04-12,2017-04-18
642d7156ab52,2017-03-20,2017-04-12,2017-04-18
6ff278b942d9,2017-03-26,2017-04-12,2017-04-18
80e3831d7e9f,2017-03-28,2017-04-12,2017-04-18
272083fae7e6,2017-03-17,2017-04-12,2017-04-13
0ece84382635,2017-04-08,2017-04-12,2017-04-18
1bb94b6da9ce,2017-03-24,2017-04-12,2017-04-18
71dbac1ace9b,2017-03-15,2017-04-12,2017-04-13
23f1797156c6,2017-04-17,2017-04-17,2017-04-18
042d71f379ae,2017-03-29,2017-04-12,2017-04-18
92750388b269,2017-04-11,2017-04-12,2017-04-18
0b9b1ee5796e,2017-04-10,2017-04-12,2017-04-18
cf6264622b33,2017-04-03,2017-04-12,2017-04-18
75b4be98db29,2017-04-09,2017-04-12,2017-04-18
577510bb1d3e,2017-04-13,2017-04-13,2017-04-18
0cb210523dd7,2017-03-27,2017-04-12,2017-04-18
921d52be0bd9,2017-04-11,2017-04-12,2017-04-18
9f7fda679db5,2017-03-29,2017-04-12,2017-04-18
1c72a370352c,2017-04-05,2017-04-12,2017-04-18
a3a2cc54000c,2017-03-16,2017-04-12,2017-04-15
a87f54d5dc35,2017-04-18,2017-04-18,2017-04-18
9fcaa5b45769,2017-03-19,2017-04-12,2017-04-18
26dcab93b2a9,2017-03-29,2017-04-12,2017-04-18
c759db01a966,2017-04-16,2017-04-16,2017-04-18
18d99b5532f1,2017-03-18,2017-04-12,2017-04-17
fde5d0a6e7a5,2017-03-19,2017-04-12,2017-04-18
c3f8ec933d23,2017-04-03,2017-04-12,2017-04-18
a6eac78a41ad,2017-04-16,2017-04-16,2017-04-18
311e8bb83a59,2017-04-03,2017-04-12,2017-04-18
47190a0955b4,2017-03-20,2017-04-12,2017-04-18
a3861c822836,2017-04-12,2017-04-12,2017-04-18
fe7cdfb4a0dd,2017-03-29,2017-04-12,2017-04-18
cfeb8255cd99,2017-03-18,2017-04-12,2017-04-17
f0c71cf7df29,2017-03-20,2017-04-12,2017-04-18
3a4fca4db321,2017-03-23,2017-04-12,2017-04-18
d622279a926c,2017-04-17,2017-04-17,2017-04-18
a78690bb4a1a,2017-04-03,2017-04-12,2017-04-18
d6078dd3cd0c,2017-04-17,2017-04-17,2017-04-18
ea2332b04c4b,2017-03-17,2017-04-12,2017-04-15
4a58268806bf,2017-04-10,2017-04-12,2017-04-18
f595ab3c30de,2017-04-02,2017-04-12,2017-04-18
7ce87db85135,2017-04-12,2017-04-12,2017-04-18
c0a9363877df,2017-03-24,2017-04-12,2017-04-18
5b7c8882b700,2017-04-04,2017-04-12,2017-04-18
e0802f588e5e,2017-04-05,2017-04-12,2017-04-18
829035784d18,2017-03-20,2017-04-12,2017-04-18
bd50bbc22155,2017-03-19,2017-04-12,2017-04-18
8f4f9316edc8,2017-03-27,2017-04-12,2017-04-18
6c4ce5bb1acf,2017-03-27,2017-04-12,2017-04-18
d6523d088fc8,2017-03-18,2017-04-12,2017-04-16
d6ada768d201,2017-03-22,2017-04-12,2017-04-18
d139e816307f,2017-04-12,2017-04-12,2017-04-18
ae006f066a79,2017-03-23,2017-04-12,2017-04-18
f92cd8a14302,2017-04-10,2017-04-12,2017-04-18
a6debebcdc83,2017-03-29,2017-04-12,2017-04-18
416c349916c8,2017-03-26,2017-04-12,2017-04-18
04ca76082765,2017-03-26,2017-04-12,2017-04-18
f1bfaa308267,2017-03-29,2017-04-12,2017-04-18
2046a45c9d8d,2017-04-07,2017-04-12,2017-04-18
fbffdc2d40fc,2017-03-16,2017-04-12,2017-04-14
30105deabec8,2017-04-16,2017-04-16,2017-04-18
3fc38607515c,2017-04-03,2017-04-12,2017-04-18
1f42cda3c842,2017-03-19,2017-04-12,2017-04-17
026e26a7e6f0,2017-04-11,2017-04-12,2017-04-18
26dbc9735ff1,2017-04-07,2017-04-12,2017-04-18
471cbbae1bda,2017-04-17,2017-04-17,2017-04-18
7df352b8338a,2017-04-09,2017-04-12,2017-04-18
ae85e364e468,2017-04-15,2017-04-15,2017-04-18
cd06ac962e31,2017-04-12,2017-04-12,2017-04-18
5e7f7a14e14a,2017-04-05,2017-04-12,2017-04-18
77d17851a767,2017-04-02,2017-04-12,2017-04-18
b8aca2e6b858,2017-04-04,2017-04-12,2017-04-18
d0159a6fbce4,2017-04-14,2017-04-14,2017-04-18
ec2eb2146357,2017-03-27,2017-04-12,2017-04-18
01ab7c58ac8d,2017-04-14,2017-04-14,2017-04-18
8fbdd6a1e8c5,2017-04-11,2017-04-12,2017-04-18
4490fe6d560a,2017-04-02,2017-04-12,2017-04-18
bdfbffe6065a,2017-03-18,2017-04-12,2017-04-17
b641dbcace77,2017-04-16,2017-04-16,2017-04-18
6940bbad3465,2017-04-02,2017-04-12,2017-04-18
63e4c0b8035f,2017-04-15,2017-04-15,2017-04-18
c27c8080e066,2017-04-05,2017-04-12,2017-04-18
40ccac781f39,2017-03-31,2017-04-12,2017-04-18
8c5fefa55447,2017-04-13,2017-04-13,2017-04-18
7fcaa7221a49,2017-03-26,2017-04-12,2017-04-18
bd00c1578fae,2017-04-09,2017-04-12,2017-04-18
999ba1e92647,2017-03-30,2017-04-12,2017-04-18
3e5b3737b8a9,2017-04-01,2017-04-12,2017-04-18
f1ed075bfdca,2017-03-15,2017-04-12,2017-04-14
9490f7205b9b,2017-04-15,2017-04-15,2017-04-18
a3f277726fa7,2017-04-05,2017-04-12,2017-04-18
0027b8ef4560,2017-03-14,2017-04-12,2017-04-13
54b8844f601c,2017-04-06,2017-04-12,2017-04-18
ae4ce45c2082,2017-04-05,2017-04-12,2017-04-18
8004f961efe5,2017-03-20,2017-04-12,2017-04-18
e42f8395a3dd,2017-04-07,2017-04-12,2017-04-18
a78d47c37005,2017-04-06,2017-04-12,2017-04-18
23948cfc62b6,2017-03-30,2017-04-12,2017-04-18
e663d3523462,2017-04-03,2017-04-12,2017-04-18
93bc69dbea2c,2017-04-16,2017-04-16,2017-04-18
c41c854c9e8f,2017-03-29,2017-04-12,2017-04-18
1c02337716d0,2017-03-29,2017-04-12,2017-04-18
66cf6e1fbf70,2017-04-13,2017-04-13,2017-04-18
b743a3846f30,2017-04-11,2017-04-12,2017-04-18
d1f42702d634,2017-04-04,2017-04-12,2017-04-18
214e8a847de2,2017-04-10,2017-04-12,2017-04-18
fc1bf251026c,2017-03-28,2017-04-12,2017-04-18
35ffa0eb7ea6,2017-04-03,2017-04-12,2017-04-18
c3d1799178e5,2017-03-15,2017-04-12,2017-04-14
4036d0305930,2017-03-26,2017-04-12,2017-04-18
c5487875b5ca,2017-04-11,2017-04-12,2017-04-18
deb02b2f5373,2017-03-23,2017-04-12,2017-04-18
087d234a992e,2017-03-28,2017-04-12,2017-04-18
da490c6ce306,2017-04-05,2017-04-12,2017-04-18
49d3e7926652,2017-03-18,2017-04-12,2017-04-17
167d879b83a9,2017-03-24,2017-04-12,2017-04-18
d2480fd44b0a,2017-03-16,2017-04-12,2017-04-15
f32cd6d4184e,2017-04-02,2017-04-12,2017-04-18
293bf353f652,2017-03-25,2017-04-12,2017-04-18
204aeec95cdb,2017-03-23,2017-04-12,2017-04-18
8b7da53b56b2,2017-04-17,2017-04-17,2017-04-18
89a79138baf3,2017-04-09,2017-04-12,2017-04-18
e8f451bddc85,2017-03-17,2017-04-12,2017-04-16
00e040d2e850,2017-04-14,2017-04-14,2017-04-18
280cc03d9d24,2017-04-15,2017-04-15,2017-04-18
1e305d77ad34,2017-04-08,2017-04-12,2017-04-18
2db7235991a7,2017-04-05,2017-04-12,2017-04-18
d6d318ffd610,2017-03-29,2017-04-12,2017-04-18
207709a5d705,2017-04-12,2017-04-12,2017-04-18
7538f7159817,2017-04-09,2017-04-12,2017-04-18
e64ab6bf1c66,2017-03-18,2017-04-12,2017-04-17
ab70abb69921,2017-04-05,2017-04-12,2017-04-18
74586da5a64f,2017-04-07,2017-04-12,2017-04-18
c0c2927b4996,2017-03-16,2017-04-12,2017-04-14
5f98a9ddb322,2017-03-24,2017-04-12,2017-04-18
10ea1b4ae015,2017-04-09,2017-04-12,2017-04-18
0468f8f29d1b,2017-03-30,2017-04-12,2017-04-18
ed989bc45dbc,2017-03-17,2017-04-12,2017-04-16
fbe2876a7145,2017-03-26,2017-04-12,2017-04-18
2dd1ecc9245b,2017-04-16,2017-04-16,2017-04-18
8d90fca8d5ec,2017-04-14,2017-04-14,2017-04-18
eb30b5ed9dd2,2017-04-01,2017-04-12,2017-04-18
12a180cc6434,2017-03-23,2017-04-12,2017-04-18
2a9defe9c885,2017-04-11,2017-04-12,2017-04-18
e29949d0f144,2017-03-14,2017-04-12,2017-04-13
9ef01c9a3282,2017-04-10,2017-04-12,2017-04-18
cb0c3e3aa8c2,2017-04-09,2017-04-12,2017-04-18
c994e81159b1,2017-04-11,2017-04-12,2017-04-18
c3275992caca,2017-04-14,2017-04-14,2017-04-18
6e91e7b5bbd2,2017-03-21,2017-04-12,2017-04-18
56083211972e,2017-03-22,2017-04-12,2017-04-18
b6e1315a6c59,2017-04-01,2017-04-12,2017-04-18
1926f0ba2dd2,2017-03-15,2017-04-12,2017-04-14
e2efe41a142d,2017-03-20,2017-04-12,2017-04-18
55de823d54d8,2017-04-12,2017-04-12,2017-04-18
fd9a9def557a,2017-04-11,2017-04-12,2017-04-18
036589a591c4,2017-04-02,2017-04-12,2017-04-18
c300c8a0a38e,2017-04-03,2017-04-12,2017-04-18
5fb55c3cf53e,2017-04-06,2017-04-12,2017-04-18
cdcdd7fc1ade,2017-03-22,2017-04-12,2017-04-18
7bfa0fd76cd5,2017-04-03,2017-04-12,2017-04-17
ff0aa08f5ef9,2017-03-18,2017-04-12,2017-04-16
ee43885b1081,2017-03-26,2017-04-12,2017-04-18
ba2950031d0a,2017-03-20,2017-04-12,2017-04-18
be64bfb61567,2017-03-28,2017-04-12,2017-04-18
58d7250775ce,2017-03-29,2017-04-12,2017-04-18
674c1f4e2641,2017-03-14,2017-04-12,2017-04-13
2b0e1517a672,2017-04-02,2017-04-12,2017-04-18
2d79f6b43a54,2017-03-14,2017-04-12,2017-04-13
063cc4a6255f,2017-03-28,2017-04-12,2017-04-18
9205dfb50402,2017-03-28,2017-04-12,2017-04-18
4d1974eebe76,2017-03-31,2017-04-12,2017-04-18
2e4046dceb66,2017-04-10,2017-04-12,2017-04-18
6e2c5d641751,2017-04-02,2017-04-12,2017-04-18
0ace5291a2a6,2017-04-02,2017-04-12,2017-04-18
2dc1e27d8c50,2017-04-18,2017-04-18,2017-04-18
035f4e163e25,2017-03-14,2017-04-12,2017-04-13
a575271c9e9b,2017-03-27,2017-04-12,2017-04-18
5a4dc8a82e49,2017-03-23,2017-04-12,2017-04-18
8317d35fa3a0,2017-04-11,2017-04-12,2017-04-18
b374a34cbde2,2017-03-25,2017-04-12,2017-04-18
dbc9dd040c84,2017-04-16,2017-04-16,2017-04-18
fd14b1fb7dd3,2017-04-18,2017-04-18,2017-04-18
aaa8e5c1f999,2017-03-30,2017-04-12,2017-04-18
6aafb8392ab4,2017-04-18,2017-04-18,2017-04-18
6bc8437dc25f,2017-04-10,2017-04-12,2017-04-18
529dd165b0a2,2017-04-07,2017-04-12,2017-04-18
5244d44c7a9d,2017-03-17,2017-04-12,2017-04-16
35a90aa7cf83,2017-04-03,2017-04-12,2017-04-18
c2ef2794466c,2017-03-26,2017-04-12,2017-04-18
d4a4413cffc5,2017-03-16,2017-04-12,2017-04-15
ef85378e2026,2017-04-14,2017-04-14,2017-04-18
35f2ac789f2b,2017-03-24,2017-04-12,2017-04-18
bf85f97f1367,2017-04-05,2017-04-12,2017-04-18
5604309646c7,2017-04-06,2017-04-12,2017-04-18
402632d97853,2017-04-15,2017-04-15,2017-04-18
a9c6bf5d0c8f,2017-04-12,2017-04-12,2017-04-18
f072d37d2c32,2017-03-25,2017-04-12,2017-04-18
4056f8ae6194,2017-04-06,2017-04-12,2017-04-18
90a88718067f,2017-03-24,2017-04-12,2017-04-18
c03b456f2ab6,2017-04-02,2017-04-12,2017-04-18
b59450a7fea7,2017-03-26,2017-04-12,2017-04-18
a8b257f31cc0,2017-04-08,2017-04-12,2017-04-18
227f316dc0e4,2017-04-01,2017-04-12,2017-04-18
2b7ca265e9df,2017-04-11,2017-04-12,2017-04-18
7a1fbd2239ac,2017-04-08,2017-04-12,2017-04-18
a35a6a4c4ead,2017-03-26,2017-04-12,2017-04-18
89033aa67ce1,2017-03-31,2017-04-12,2017-04-18
f064bba85f7e,2017-03-29,2017-04-12,2017-04-18
916c3331c876,2017-03-21,2017-04-12,2017-04-18
b26c32292283,2017-03-14,2017-04-12,2017-04-13
c11bccd8097d,2017-04-14,2017-04-14,2017-04-18
10f4e25008ec,2017-03-27,2017-04-12,2017-04-18
b7e0f2368533,2017-04-17,2017-04-17,2017-04-18
1a86f1f2948b,2017-03-17,2017-04-12,2017-04-15
8e48c9f26fd2,2017-03-13,2017-04-12,2017-04-12
ae83440ef8a1,2017-03-21,2017-04-12,2017-04-18
6d6a280f280b,2017-03-19,2017-04-12,2017-04-18
774632c44e00,2017-03-29,2017-04-12,2017-04-18
ffa23c7bebc7,2017-04-03,2017-04-12,2017-04-13
6905c40d27b7,2017-04-10,2017-04-12,2017-04-18
8187e27f10ed,2017-03-31,2017-04-12,2017-04-18
1edb2bcb3266,2017-03-28,2017-04-12,2017-04-18
db3fc851f848,2017-03-24,2017-04-12,2017-04-18
ca42ab356e5e,2017-04-07,2017-04-12,2017-04-18
7dfb7b7ea071,2017-03-15,2017-04-12,2017-04-13
cc07ca7e3b4a,2017-04-11,2017-04-12,2017-04-18
78df6220abd3,2017-04-06,2017-04-12,2017-04-18
69d0b83ec2b8,2017-04-17,2017-04-17,2017-04-18
9b3293e0bffb,2017-04-08,2017-04-12,2017-04-18
40d09006fd9b,2017-03-26,2017-04-12,2017-04-18
c03b17752abb,2017-04-13,2017-04-13,2017-04-18
6a36b11ccfc0,2017-04-01,2017-04-12,2017-04-18
e1c6fe0ec113,2017-04-04,2017-04-12,2017-04-18
4bd88ccc3485,2017-03-17,2017-04-12,2017-04-16
6aad0cb726ee,2017-04-17,2017-04-17,2017-04-18
73bb6706f534,2017-03-14,2017-04-12,2017-04-13
8254b56f492a,2017-03-24,2017-04-12,2017-04-18
428f8b4ed1b0,2017-04-10,2017-04-12,2017-04-18
79e54ffe533a,2017-04-10,2017-04-12,2017-04-18
244921b705a2,2017-04-07,2017-04-12,2017-04-18
0ba5619ed5db,2017-03-19,2017-04-12,2017-04-18
45b46acf434c,2017-04-02,2017-04-12,2017-04-18
a3ff53fb0730,2017-04-12,2017-04-12,2017-04-18
dc0c0169bbf8,2017-03-29,2017-04-12,2017-04-12
1a66a201068e,2017-03-15,2017-04-12,2017-04-14
c76cfac60c68,2017-04-04,2017-04-12,2017-04-18
dfb019fb74d9,2017-04-18,2017-04-18,2017-04-18
8b566f4b30b3,2017-04-18,2017-04-18,2017-04-18
99c7ac2b39f0,2017-04-03,2017-04-12,2017-04-18
79113cc8a886,2017-03-17,2017-04-12,2017-04-16
a36bd2203013,2017-03-15,2017-04-12,2017-04-13
d7a640c8a26e,2017-04-03,2017-04-12,2017-04-18
9713dabb758f,2017-03-22,2017-04-12,2017-04-18
a496be6880f8,2017-04-07,2017-04-12,2017-04-18
6d54e00f802d,2017-03-17,2017-04-12,2017-04-16
b15d54bdf163,2017-03-30,2017-04-12,2017-04-18
b2c2f6992013,2017-03-30,2017-04-12,2017-04-18
6a8897d88f98,2017-04-10,2017-04-12,2017-04-18
74aa1fe1f0cb,2017-04-14,2017-04-14,2017-04-18
d4eb489879eb,2017-03-19,2017-04-12,2017-04-18
b9db18c2cc17,2017-04-17,2017-04-17,2017-04-18
6531f49dbac5,2017-04-12,2017-04-12,2017-04-18
037ab778788a,2017-04-09,2017-04-12,2017-04-18
764582eb9e0d,2017-04-11,2017-04-12,2017-04-18
13472694206e,2017-04-06,2017-04-12,2017-04-18
74426fabaa09,2017-04-16,2017-04-16,2017-04-18
9ddb8059f555,2017-03-26,2017-04-12,2017-04-18
aa807b179188,2017-03-21,2017-04-12,2017-04-18
ee060ceefd38,2017-03-20,2017-04-12,2017-04-18
1a43abe9a1a7,2017-03-16,2017-04-12,2017-04-15
822fd3d5ea04,2017-04-08,2017-04-12,2017-04-18
d3a0bd5fd47a,2017-03-31,2017-04-12,2017-04-18
023c1d87d1c2,2017-04-05,2017-04-12,2017-04-18
c874b7b7e489,2017-04-05,2017-04-12,2017-04-18
dc1afa6e8dd0,2017-03-14,2017-04-12,2017-04-12
54f219868c85,2017-04-10,2017-04-12,2017-04-18
03a9bb40083f,2017-04-17,2017-04-17,2017-04-18
e38da548d99a,2017-04-11,2017-04-12,2017-04-18
0aa4b29744db,2017-03-20,2017-04-12,2017-04-18
3942d5077ce7,2017-04-11,2017-04-12,2017-04-18
3441bcf6ecc2,2017-04-14,2017-04-14,2017-04-18
9a365cddf144,2017-03-19,2017-04-12,2017-04-18
43a3f8b76ff9,2017-03-19,2017-04-12,2017-04-18
ac2a954d1077,2017-04-14,2017-04-14,2017-04-18
762e77757050,2017-03-24,2017-04-12,2017-04-17
9b27174a3c8b,2017-03-19,2017-04-12,2017-04-17
39b0c9b9fc5a,2017-04-05,2017-04-12,2017-04-18
1d41dcf65dec,2017-04-04,2017-04-12,2017-04-18
6511f31cb6a0,2017-03-20,2017-04-12,2017-04-18
2372335a7a3e,2017-03-31,2017-04-12,2017-04-18
cd496f983237,2017-04-13,2017-04-13,2017-04-18
0e4ba7461890,2017-04-10,2017-04-12,2017-04-18
7724385f80c1,2017-03-30,2017-04-12,2017-04-18
055d1a495993,2017-04-04,2017-04-12,2017-04-18
32c8f30259af,2017-03-22,2017-04-12,2017-04-18
513f1b48b61c,2017-03-19,2017-04-12,2017-04-18
d66605d16562,2017-03-17,2017-04-12,2017-04-16
1e35126464f3,2017-03-18,2017-04-12,2017-04-17
a444a4593b39,2017-04-06,2017-04-12,2017-04-18
243cd557567d,2017-04-01,2017-04-12,2017-04-18
2f3b5d4cd6f7,2017-03-31,2017-04-12,2017-04-18
a30770a91be0,2017-03-20,2017-04-12,2017-04-18
3a158b6045f4,2017-04-02,2017-04-12,2017-04-18
1db64a9eac71,2017-04-17,2017-04-17,2017-04-18
e761f91f190e,2017-03-29,2017-04-12,2017-04-18
c4872d024a6e,2017-04-03,2017-04-12,2017-04-18
50c5c387fcef,2017-04-11,2017-04-12,2017-04-18
2c172ea200d6,2017-04-16,2017-04-16,2017-04-18
4a6a1c06c37f,2017-04-03,2017-04-12,2017-04-15
568799f31328,2017-04-17,2017-04-17,2017-04-18
c65e5e22f024,2017-04-07,2017-04-12,2017-04-18
912b60459371,2017-04-10,2017-04-12,2017-04-13
93442a3096fb,2017-03-21,2017-04-12,2017-04-18
7f2b7eb64ad1,2017-03-31,2017-04-12,2017-04-18
d3beaedf7b8d,2017-04-14,2017-04-14,2017-04-18
fc23adac0338,2017-03-22,2017-04-12,2017-04-18
3ddf2655c930,2017-04-11,2017-04-12,2017-04-18
344d38dcd63b,2017-03-29,2017-04-12,2017-04-18
b6a198d2682c,2017-04-08,2017-04-12,2017-04-18
43b35035cbc5,2017-04-11,2017-04-12,2017-04-18
c01e842c6614,2017-03-31,2017-04-12,2017-04-18
2b457b351ab9,2017-04-02,2017-04-12,2017-04-18
5e15e303634a,2017-04-17,2017-04-17,2017-04-18
7488401fd568,2017-03-23,2017-04-12,2017-04-18
00bdc26ace94,2017-03-13,2017-04-12,2017-04-12
3d97618e7761,2017-03-27,2017-04-12,2017-04-18
f295d453350f,2017-04-11,2017-04-12,2017-04-18
ee7cbed0468c,2017-04-09,2017-04-12,2017-04-18
7c6e397eaadd,2017-03-24,2017-04-12,2017-04-18
62d5911ac43e,2017-03-16,2017-04-12,2017-04-15
5b523d8828c1,2017-04-11,2017-04-12,2017-04-18
b0ed33e56113,2017-04-08,2017-04-12,2017-04-18
8892e91bfc70,2017-03-15,2017-04-12,2017-04-14
c72ad05ae8df,2017-03-20,2017-04-12,2017-04-18
e154770453bc,2017-04-17,2017-04-17,2017-04-18
784a4f33d64a,2017-03-20,2017-04-12,2017-04-18
3cf0e554667e,2017-03-22,2017-04-12,2017-04-18
cbd1ab13db41,2017-04-10,2017-04-12,2017-04-18
a3fafd971c5a,2017-04-13,2017-04-14,2017-04-18
ad01cafc145f,2017-03-17,2017-04-12,2017-04-15
43b0584ae1c9,2017-03-29,2017-04-12,2017-04-18
e31ab8b3ff65,2017-03-13,2017-04-12,2017-04-12
0bfcf9f32f7a,2017-03-31,2017-04-12,2017-04-18
f0272284ae33,2017-04-11,2017-04-12,2017-04-18
1a0f88b7b3ef,2017-04-13,2017-04-13,2017-04-18
a7441d39ac08,2017-04-13,2017-04-13,2017-04-18
82dab5e1546d,2017-04-08,2017-04-12,2017-04-18
e2fa9eec0bc3,2017-03-20,2017-04-12,2017-04-18
5b8e51d2e644,2017-04-18,2017-04-18,2017-04-18
bc1b879cd0d6,2017-04-14,2017-04-14,2017-04-18
342e6a3c6f1f,2017-04-09,2017-04-12,2017-04-18
d1791659a0f7,2017-04-16,2017-04-16,2017-04-18
bac84cf18879,2017-03-24,2017-04-12,2017-04-18
65c64b7392e7,2017-03-16,2017-04-12,2017-04-15
a4b259d29df1,2017-04-08,2017-04-12,2017-04-18
d0523957ecfd,2017-03-16,2017-04-12,2017-04-15
11791d815039,2017-03-15,2017-04-12,2017-04-13
aa2e5e3aa9a4,2017-04-12,2017-04-12,2017-04-18
a2bffdb89486,2017-04-01,2017-04-12,2017-04-18
4018e15ce298,2017-03-23,2017-04-12,2017-04-18
a040c1960c84,2017-04-07,2017-04-12,2017-04-18
8425e3010536,2017-04-07,2017-04-12,2017-04-18
01e3b3211b2b,2017-03-18,2017-04-12,2017-04-17
510cfe5a5802,2017-04-09,2017-04-12,2017-04-18
2b6288490c60,2017-04-12,2017-04-12,2017-04-18
575232987bf7,2017-03-24,2017-04-12,2017-04-18
74be4f5c9a2e,2017-04-02,2017-04-12,2017-04-18
134168e47b32,2017-04-08,2017-04-12,2017-04-18
9bf1357b647c,2017-03-25,2017-04-12,2017-04-18
0cf7a22439b8,2017-04-04,2017-04-12,2017-04-18
f95694ebfb47,2017-03-23,2017-04-12,2017-04-18
b09740e27fa7,2017-04-09,2017-04-12,2017-04-18
49dd32b59f0a,2017-03-27,2017-04-12,2017-04-18
494c41b53a4b,2017-03-18,2017-04-12,2017-04-17
05a4be2dca6b,2017-04-01,2017-04-12,2017-04-18
5711c2ee9227,2017-04-02,2017-04-12,2017-04-18
06aa82628939,2017-03-30,2017-04-12,2017-04-18
2aa8f4914fbf,2017-04-09,2017-04-12,2017-04-18
c12ab75f87b2,2017-03-14,2017-04-12,2017-04-13
029c91730c1e,2017-04-10,2017-04-12,2017-04-18
e457f8d91bf3,2017-04-11,2017-04-12,2017-04-13
da1dedb108fe,2017-04-06,2017-04-12,2017-04-18
79b8a801f94d,2017-03-26,2017-04-12,2017-04-15
cdb11310f434,2017-04-02,2017-04-12,2017-04-18
c9f03c0fbf4d,2017-04-06,2017-04-12,2017-04-18
4704d89de3a3,2017-03-20,2017-04-12,2017-04-18
20b07f3bc4cf,2017-04-05,2017-04-12,2017-04-18
d8bab8fc07d5,2017-04-06,2017-04-12,2017-04-18
e589e107072e,2017-03-14,2017-04-12,2017-04-12
6e0397ab317c,2017-04-04,2017-04-12,2017-04-18
9e346ae36d97,2017-04-14,2017-04-14,2017-04-18
dd79f22d5963,2017-03-29,2017-04-12,2017-04-18
a4255eb13d51,2017-04-06,2017-04-12,2017-04-18
0769b2934641,2017-04-11,2017-04-12,2017-04-18
a82890c93152,2017-04-10,2017-04-12,2017-04-18
19e55e4e2219,2017-04-09,2017-04-12,2017-04-18
d00665e3a9df,2017-04-06,2017-04-12,2017-04-18
14218fff98b8,2017-04-05,2017-04-12,2017-04-18
47e865603c3c,2017-04-05,2017-04-12,2017-04-18
30282967722c,2017-04-12,2017-04-12,2017-04-18
48c4beb42924,2017-04-03,2017-04-12,2017-04-18
ce1c3a357e5e,2017-04-12,2017-04-12,2017-04-18
8da251d771d7,2017-03-20,2017-04-12,2017-04-18
92b110372e42,2017-04-11,2017-04-12,2017-04-12
1f804c9c0c3c,2017-03-30,2017-04-12,2017-04-18
45f67882e259,2017-04-07,2017-04-12,2017-04-18
3973d73387bf,2017-04-11,2017-04-12,2017-04-18
3476f271a402,2017-04-07,2017-04-12,2017-04-18
85580fd1f34f,2017-03-30,2017-04-12,2017-04-18
d12ac2c8d742,2017-03-23,2017-04-12,2017-04-18
fbf01277f46b,2017-04-15,2017-04-15,2017-04-18
280f175caa88,2017-03-31,2017-04-12,2017-04-18
132dc0aba3bc,2017-04-03,2017-04-12,2017-04-18
b51766c8ec03,2017-04-08,2017-04-12,2017-04-18
e6af490b322b,2017-04-16,2017-04-16,2017-04-18
986d0de68909,2017-04-07,2017-04-12,2017-04-18
b365061761ce,2017-04-10,2017-04-12,2017-04-18
6385c94fe8e1,2017-03-25,2017-04-12,2017-04-18
b817aa436da6,2017-03-21,2017-04-12,2017-04-18
0de0334b2785,2017-03-21,2017-04-12,2017-04-18
9ed5e1b3f053,2017-03-26,2017-04-12,2017-04-18
97568e4a062d,2017-03-27,2017-04-12,2017-04-18
76ca972ad826,2017-03-20,2017-04-12,2017-04-18
9b1112bf5531,2017-03-14,2017-04-12,2017-04-13
6b9dc57eb6b0,2017-03-29,2017-04-12,2017-04-18
5d4d667818d0,2017-04-10,2017-04-12,2017-04-18
262e3b8b72d0,2017-04-16,2017-04-16,2017-04-18
6cd3886baac4,2017-03-26,2017-04-12,2017-04-18
99cee32a2ed5,2017-04-09,2017-04-12,2017-04-18
9bcc2f69e129,2017-04-03,2017-04-12,2017-04-18
230088c3eaa7,2017-03-24,2017-04-12,2017-04-18
fb0ef711dac0,2017-03-25,2017-04-12,2017-04-18
e14714fbfea3,2017-03-31,2017-04-12,2017-04-18
25cff56c278f,2017-03-22,2017-04-12,2017-04-18
52bb1f94c5b0,2017-03-30,2017-04-12,2017-04-18
e651813a601b,2017-04-05,2017-04-12,2017-04-18
873b7c2e9ac4,2017-03-21,2017-04-12,2017-04-18
d3a09f222a1d,2017-03-14,2017-04-12,2017-04-13
0033e03b320d,2017-03-22,2017-04-12,2017-04-18
9a06fed9c70c,2017-03-14,2017-04-12,2017-04-13
8ed7eca50625,2017-04-11,2017-04-12,2017-04-18
cd5e69b46f05,2017-03-25,2017-04-12,2017-04-18
fb34ae8f537e,2017-04-12,2017-04-12,2017-04-18
2dfe0a399cc1,2017-03-13,2017-04-12,2017-04-12
c260e8b8719c,2017-04-11,2017-04-12,2017-04-18
3b036004c017,2017-03-28,2017-04-12,2017-04-18
e2a527ab21a6,2017-04-01,2017-04-12,2017-04-18
d7279d681868,2017-04-09,2017-04-12,2017-04-18
1213bc2d64dc,2017-04-02,2017-04-12,2017-04-18
a733e8096dab,2017-03-31,2017-04-12,2017-04-18
b806094eaf27,2017-04-02,2017-04-12,2017-04-18
4ea0bd306176,2017-04-14,2017-04-14,2017-04-18
850ce1c45313,2017-04-10,2017-04-12,2017-04-18
97f05041433b,2017-04-05,2017-04-12,2017-04-18
cd4c2e4a91ed,2017-04-14,2017-04-14,2017-04-18
4bdef4646f3d,2017-03-28,2017-04-12,2017-04-18
976240e1360f,2017-04-11,2017-04-12,2017-04-18
6267be7ad1f6,2017-03-20,2017-04-12,2017-04-18
bb348ce89a5d,2017-03-24,2017-04-12,2017-04-18
7881efc282cb,2017-04-04,2017-04-12,2017-04-18
3b83d49f75f5,2017-04-01,2017-04-12,2017-04-14
94b1711b5c44,2017-04-01,2017-04-12,2017-04-18
f3478605652c,2017-04-01,2017-04-12,2017-04-18
c02653b07df6,2017-04-07,2017-04-12,2017-04-18
bb527fa0700c,2017-03-27,2017-04-12,2017-04-18
1590f1d9702c,2017-03-23,2017-04-12,2017-04-18
b65dab59ee10,2017-04-06,2017-04-12,2017-04-18
ea3b850aeda9,2017-03-22,2017-04-12,2017-04-18
e9a8d032a046,2017-03-27,2017-04-12,2017-04-18
03cff393a44a,2017-04-07,2017-04-12,2017-04-18
4021db302324,2017-04-01,2017-04-12,2017-04-18
bcfdd70a7bec,2017-04-12,2017-04-12,2017-04-18
6c05f8420d8b,2017-04-10,2017-04-12,2017-04-18
8f44c5eed6a1,2017-04-13,2017-04-13,2017-04-18
6e3924b29ff3,2017-03-16,2017-04-12,2017-04-15
541ebcb537bf,2017-03-28,2017-04-12,2017-04-18
a9924ef53fe2,2017-03-26,2017-04-12,2017-04-18
c34029b9474b,2017-04-11,2017-04-12,2017-04-18
6f309e1c58c3,2017-03-27,2017-04-12,2017-04-18
ab29333b5bcd,2017-03-31,2017-04-12,2017-04-18
01a5e9247ef7,2017-04-11,2017-04-12,2017-04-18
f6b89915b7a2,2017-04-10,2017-04-12,2017-04-18
abc594c8814f,2017-04-05,2017-04-12,2017-04-18
64730a379a92,2017-04-06,2017-04-12,2017-04-18
a51721f798e4,2017-03-15,2017-04-12,2017-04-14
5281d9bd7768,2017-04-06,2017-04-12,2017-04-18
c0cc7d288f97,2017-03-25,2017-04-12,2017-04-18
0daa015ecc45,2017-03-19,2017-04-12,2017-04-17
4ade4fb91d4e,2017-04-17,2017-04-17,2017-04-18
931e78cc71e8,2017-03-26,2017-04-12,2017-04-18
37b70acee3a1,2017-03-15,2017-04-12,2017-04-14
17558ec4965f,2017-04-12,2017-04-12,2017-04-18
cdc9d069902b,2017-03-23,2017-04-12,2017-04-18
820a14c60739,2017-04-14,2017-04-14,2017-04-18
09be8542c1e2,2017-03-14,2017-04-12,2017-04-12
0791e016556b,2017-04-18,2017-04-18,2017-04-18
1bbdc6b9da1c,2017-04-14,2017-04-14,2017-04-18
a341eeae9d45,2017-03-30,2017-04-12,2017-04-18
e11587d2a92e,2017-03-16,2017-04-12,2017-04-15
4ecfb8e68097,2017-03-26,2017-04-12,2017-04-18
48e11c3ced38,2017-04-13,2017-04-13,2017-04-18
cd9622b1789e,2017-03-25,2017-04-12,2017-04-18
8cf8f5497d3c,2017-03-15,2017-04-12,2017-04-14
755d1384cd82,2017-04-08,2017-04-12,2017-04-18
82aaf8cc0ba7,2017-04-15,2017-04-15,2017-04-18
3d9af60ff2ff,2017-03-23,2017-04-12,2017-04-18
e1b63a8c28e0,2017-04-09,2017-04-12,2017-04-18
685fbf2b2e32,2017-03-17,2017-04-12,2017-04-15
03912ec840be,2017-03-17,2017-04-12,2017-04-15
1ca29447095d,2017-03-17,2017-04-12,2017-04-16
70555bfe9dca,2017-03-28,2017-04-12,2017-04-18
c5621b50c969,2017-04-04,2017-04-12,2017-04-18
66cfe79791f4,2017-03-20,2017-04-12,2017-04-18
c36469f7b1cd,2017-03-28,2017-04-12,2017-04-18
8f83980f7235,2017-03-21,2017-04-12,2017-04-18
491f66c64030,2017-04-11,2017-04-12,2017-04-18
e5471bda73cb,2017-03-31,2017-04-12,2017-04-18
057736e4c41c,2017-03-22,2017-04-12,2017-04-18
b6fc69a490d6,2017-03-22,2017-04-12,2017-04-18
419bbac68fd6,2017-03-25,2017-04-12,2017-04-18
f61debf58fc2,2017-04-18,2017-04-18,2017-04-18
268541dcfadb,2017-03-19,2017-04-13,2017-04-17
c1bbbc8c46cd,2017-04-10,2017-04-12,2017-04-18
84efba5300e2,2017-04-11,2017-04-12,2017-04-18
c61c5f0bb09e,2017-04-09,2017-04-12,2017-04-18
6a546d091a42,2017-03-20,2017-04-12,2017-04-18
5ce0b087cd05,2017-03-25,2017-04-12,2017-04-18
bad7c80a55c7,2017-03-17,2017-04-12,2017-04-16
ada2d12e550f,2017-04-03,2017-04-12,2017-04-18
0143d593df31,2017-03-27,2017-04-12,2017-04-18
70b439737c4b,2017-04-03,2017-04-12,2017-04-18
21d7d102458e,2017-04-04,2017-04-12,2017-04-13
0beb9825a96e,2017-04-09,2017-04-12,2017-04-18
bf2673e96e03,2017-03-21,2017-04-12,2017-04-18
457e22e99bf9,2017-04-09,2017-04-12,2017-04-18
1ad75c031cca,2017-04-14,2017-04-14,2017-04-17
4d3f24c21467,2017-04-12,2017-04-12,2017-04-18
3aae87eea0bc,2017-03-21,2017-04-12,2017-04-18
c2bd26fd6344,2017-04-13,2017-04-13,2017-04-18
68a74c4707f2,2017-03-27,2017-04-12,2017-04-17
d509ed150b64,2017-04-14,2017-04-14,2017-04-18
8589b555326c,2017-03-24,2017-04-12,2017-04-18
da08cc961b63,2017-03-23,2017-04-12,2017-04-18
05e6cf5dcfad,2017-03-17,2017-04-12,2017-04-16
b9973ed1ddde,2017-04-09,2017-04-12,2017-04-18
6829a7f5d261,2017-04-04,2017-04-12,2017-04-18
4e0483ca3b01,2017-03-14,2017-04-12,2017-04-13
6cfe74a80ca4,2017-03-19,2017-04-12,2017-04-17
c7e25c52d0f4,2017-04-04,2017-04-12,2017-04-18
030e458b4bdf,2017-03-15,2017-04-12,2017-04-13
4bbee1e37cb3,2017-04-10,2017-04-12,2017-04-18
863adf96a388,2017-04-02,2017-04-12,2017-04-18
8aa3c6a6ac56,2017-04-04,2017-04-12,2017-04-18
835e99685174,2017-04-01,2017-04-12,2017-04-18
c5e2c3b09c68,2017-04-12,2017-04-12,2017-04-18
97dc8b9f9da4,2017-04-06,2017-04-12,2017-04-18
64875f9a4f3a,2017-04-11,2017-04-12,2017-04-18
d5f03be7f630,2017-04-13,2017-04-13,2017-04-18
ca9e88b97727,2017-03-30,2017-04-12,2017-04-18
76ae0291591a,2017-04-03,2017-04-12,2017-04-18
b3c3deb0b5ac,2017-04-12,2017-04-12,2017-04-18
16bb2035611b,2017-03-21,2017-04-12,2017-04-18
403d8cec9c74,2017-03-16,2017-04-12,2017-04-15
8233b7175f84,2017-03-19,2017-04-12,2017-04-18
56b45e4bd0aa,2017-04-11,2017-04-12,2017-04-18
721d3ce4c87e,2017-03-30,2017-04-12,2017-04-18
23591ba65f6f,2017-04-06,2017-04-12,2017-04-18
c12eb7e14394,2017-03-19,2017-04-12,2017-04-18
a47bca981cd7,2017-03-30,2017-04-12,2017-04-18
df6821f215a3,2017-03-27,2017-04-12,2017-04-18
e6789537a718,2017-03-13,2017-04-12,2017-04-12
0e3a41ece552,2017-03-28,2017-04-12,2017-04-18
c5ead6686781,2017-03-15,2017-04-12,2017-04-13
041a84d6f271,2017-04-16,2017-04-16,2017-04-18
1a20e58d3f50,2017-03-16,2017-04-12,2017-04-15
7d9760a44d41,2017-04-10,2017-04-12,2017-04-14
f90d93a15517,2017-04-01,2017-04-12,2017-04-18
3d0ae1c25161,2017-03-18,2017-04-12,2017-04-17
33d48f53bb55,2017-04-12,2017-04-12,2017-04-18
0fceccca15f6,2017-04-12,2017-04-12,2017-04-18
f987a8441473,2017-03-29,2017-04-12,2017-04-18
bb2c1c5d8408,2017-03-28,2017-04-12,2017-04-18
b2fd74ee5a67,2017-03-23,2017-04-12,2017-04-18
1d53cd3eaa91,2017-04-08,2017-04-12,2017-04-18
da63ad8d24db,2017-04-17,2017-04-17,2017-04-18
19e6091173f2,2017-04-14,2017-04-14,2017-04-18
6e79154c4329,2017-04-12,2017-04-12,2017-04-18
682779cece3a,2017-04-10,2017-04-12,2017-04-18
3066772ce675,2017-04-03,2017-04-12,2017-04-18
6bafd1962c94,2017-04-07,2017-04-12,2017-04-18
83a42cce6f11,2017-03-14,2017-04-12,2017-04-13
fcc151223a20,2017-04-12,2017-04-12,2017-04-18
da34298e5053,2017-04-06,2017-04-12,2017-04-18
258a30c3c530,2017-04-11,2017-04-12,2017-04-18
bcfe86a0e5b1,2017-04-08,2017-04-12,2017-04-18
7d835fa6f3c6,2017-03-17,2017-04-12,2017-04-16
aba6d2b3fbbe,2017-03-29,2017-04-12,2017-04-18
3986a00fb5cf,2017-03-27,2017-04-12,2017-04-18
3ec513aa6827,2017-03-14,2017-04-12,2017-04-13
6a05c80c781d,2017-04-13,2017-04-13,2017-04-18
33d89e33b06b,2017-04-08,2017-04-12,2017-04-18
2d748bd06b3c,2017-03-31,2017-04-12,2017-04-18
31b610c69cbe,2017-03-19,2017-04-12,2017-04-18
fe4f3c4fc94c,2017-03-20,2017-04-12,2017-04-18
17a44f831e53,2017-04-14,2017-04-14,2017-04-18
74c15462ee58,2017-04-18,2017-04-18,2017-04-18
7b657dd999cb,2017-03-30,2017-04-12,2017-04-18
46ed8c75d390,2017-03-16,2017-04-12,2017-04-15
437c3cfdad60,2017-03-24,2017-04-12,2017-04-18
f85bec3c170d,2017-03-15,2017-04-12,2017-04-13
f0bfe63403ca,2017-03-13,2017-04-12,2017-04-12
a58b682d9723,2017-03-15,2017-04-12,2017-04-14
1f1f3cf9c23c,2017-04-14,2017-04-14,2017-04-18
ac99db92b873,2017-03-19,2017-04-12,2017-04-17
6e4881a23dae,2017-04-10,2017-04-12,2017-04-18
c8829cec7828,2017-03-24,2017-04-12,2017-04-18
38283dd3cd83,2017-03-20,2017-04-12,2017-04-12
57a22ed8f37a,2017-03-19,2017-04-12,2017-04-18
6605316745a8,2017-03-23,2017-04-12,2017-04-18
b0f7d57829f1,2017-03-20,2017-04-12,2017-04-18
b5a3c5555518,2017-04-10,2017-04-12,2017-04-18
68891dca12c5,2017-03-21,2017-04-12,2017-04-18
0e0f01743f85,2017-04-14,2017-04-14,2017-04-18
21baa62c923a,2017-04-16,2017-04-16,2017-04-18
a2474bc0b070,2017-03-27,2017-04-12,2017-04-18
eb17628fc559,2017-03-28,2017-04-12,2017-04-18
d6c102321024,2017-04-12,2017-04-12,2017-04-18
8a55d5870788,2017-04-04,2017-04-12,2017-04-18
de5e9a62fb41,2017-04-15,2017-04-15,2017-04-18
29994557174a,2017-04-07,2017-04-12,2017-04-18
c75794434f6c,2017-04-06,2017-04-12,2017-04-18
477d201e22b7,2017-03-27,2017-04-12,2017-04-18
e54a79fc5b4f,2017-04-04,2017-04-12,2017-04-18
94436dbb6c8e,2017-04-05,2017-04-12,2017-04-18
e0f1d1849589,2017-04-02,2017-04-12,2017-04-18
8b175b88de22,2017-04-12,2017-04-12,2017-04-17
9291e9949c5e,2017-04-06,2017-04-12,2017-04-18
1e5c8f7c94d3,2017-04-03,2017-04-12,2017-04-18
de5b116790ea,2017-04-08,2017-04-12,2017-04-18
acdd62e862d3,2017-03-18,2017-04-12,2017-04-17
47240d8796fd,2017-03-29,2017-04-12,2017-04-18
d0a49525f1c6,2017-04-03,2017-04-12,2017-04-18
f63f5c54a48a,2017-04-07,2017-04-12,2017-04-18
ad417067971b,2017-03-20,2017-04-12,2017-04-18
7eb3c0b04e98,2017-03-27,2017-04-12,2017-04-18
cac78d581aa0,2017-03-22,2017-04-12,2017-04-18
ce42311d4cce,2017-04-16,2017-04-16,2017-04-18
911a9646fb68,2017-04-18,2017-04-18,2017-04-18
69a428207391,2017-03-30,2017-04-12,2017-04-18
a17331935a60,2017-04-18,2017-04-18,2017-04-18
7b0671607085,2017-03-21,2017-04-12,2017-04-18
31d29bead23f,2017-03-15,2017-04-12,2017-04-14
23c2069b37de,2017-03-25,2017-04-12,2017-04-18
2406e15e3615,2017-04-09,2017-04-12,2017-04-18
326c09137be5,2017-03-17,2017-04-12,2017-04-16
d5814a8b2bac,2017-04-17,2017-04-17,2017-04-18
a3898ce060de,2017-04-02,2017-04-12,2017-04-18
b77db5429c15,2017-04-10,2017-04-12,2017-04-18
64a8715a6988,2017-04-07,2017-04-12,2017-04-18
65ad3d8ab4ad,2017-04-09,2017-04-12,2017-04-18
2a85b9c3a819,2017-04-06,2017-04-12,2017-04-18
e6a7ff636df6,2017-04-12,2017-04-12,2017-04-18
1e9c23b53ca1,2017-03-17,2017-04-12,2017-04-16
c98301f9d0f7,2017-03-31,2017-04-12,2017-04-18
60de97a96548,2017-03-16,2017-04-12,2017-04-15
ea6977d1b480,2017-03-17,2017-04-12,2017-04-16
605fcfe21b21,2017-03-29,2017-04-12,2017-04-18
47a26e14be1c,2017-04-01,2017-04-12,2017-04-18
5531154ad77f,2017-03-17,2017-04-12,2017-04-16
6da63c7d57ac,2017-04-03,2017-04-12,2017-04-18
e989d9634adc,2017-04-13,2017-04-13,2017-04-18
e1ccc7329404,2017-04-05,2017-04-12,2017-04-18
25ffffb8d1be,2017-03-24,2017-04-12,2017-04-18
49150e8f6946,2017-04-18,2017-04-18,2017-04-18
cb21710dd65a,2017-04-12,2017-04-12,2017-04-18
a09ee1ce94f7,2017-04-17,2017-04-17,2017-04-18
ecabae7e370d,2017-04-12,2017-04-12,2017-04-18
54b7747692c9,2017-03-19,2017-04-12,2017-04-18
fc5f1c58d6c4,2017-04-04,2017-04-12,2017-04-18
a969de5acd04,2017-03-31,2017-04-12,2017-04-18
7c4400c6c2f7,2017-04-11,2017-04-12,2017-04-18
dbf735723d51,2017-04-12,2017-04-12,2017-04-18
544b80119ecb,2017-04-17,2017-04-17,2017-04-18
410f319fe0b7,2017-03-31,2017-04-12,2017-04-14
ae321b85bdd2,2017-04-06,2017-04-12,2017-04-18
7a7b5f4df8c6,2017-04-01,2017-04-12,2017-04-18
b2ee19ad9243,2017-03-24,2017-04-12,2017-04-18
88bacc091192,2017-03-26,2017-04-12,2017-04-18
dbd01022ed2d,2017-03-23,2017-04-12,2017-04-18
f2f6a332abc0,2017-04-02,2017-04-12,2017-04-18
294172431adf,2017-04-02,2017-04-12,2017-04-18
851666035742,2017-04-04,2017-04-12,2017-04-18
97a7662fed7e,2017-03-22,2017-04-12,2017-04-18
09e15da2fc79,2017-03-16,2017-04-12,2017-04-15
2617e9619e44,2017-04-14,2017-04-14,2017-04-18
bde5551d67f4,2017-03-29,2017-04-12,2017-04-18
0598f9b88219,2017-04-10,2017-04-12,2017-04-18
dd86b6feba03,2017-04-09,2017-04-12,2017-04-18
198ed23d411e,2017-04-13,2017-04-13,2017-04-18
dc8e8a2fa581,2017-03-21,2017-04-12,2017-04-18
ccd90b6f13e9,2017-03-20,2017-04-12,2017-04-18
18ab3754fa7b,2017-04-08,2017-04-12,2017-04-18
ebb4e72d20c0,2017-04-06,2017-04-12,2017-04-18
5fd5a5687c27,2017-03-14,2017-04-12,2017-04-12
72418093a6b3,2017-04-02,2017-04-12,2017-04-18
fab5b566b2e6,2017-03-15,2017-04-12,2017-04-13
b811cacf1bfd,2017-03-27,2017-04-12,2017-04-18
610271110be7,2017-03-28,2017-04-12,2017-04-18
77e6c3421443,2017-03-18,2017-04-12,2017-04-16
a7e42a598edf,2017-04-11,2017-04-12,2017-04-18
3942239b65f1,2017-04-12,2017-04-12,2017-04-18
1c3ca95eb950,2017-03-31,2017-04-12,2017-04-18
21c4ac10fd42,2017-03-20,2017-04-12,2017-04-18
63e1b39ab42d,2017-04-14,2017-04-14,2017-04-18
4703c23ee6a9,2017-04-10,2017-04-12,2017-04-18
fc36ec040cf8,2017-04-17,2017-04-17,2017-04-18
b6f6f700d7ba,2017-04-09,2017-04-12,2017-04-18
963a11cfa6c5,2017-03-25,2017-04-12,2017-04-18
6a4fc52f925b,2017-04-18,2017-04-18,2017-04-18
434ded23d9ab,2017-03-14,2017-04-12,2017-04-13
c4cf67c1ffae,2017-04-05,2017-04-12,2017-04-18
f9b26b312245,2017-04-02,2017-04-12,2017-04-18
f5f663662393,2017-04-18,2017-04-18,2017-04-18
e6436368c180,2017-03-22,2017-04-12,2017-04-18
f571f4e62cab,2017-04-08,2017-04-12,2017-04-18
f24450bf1655,2017-03-27,2017-04-12,2017-04-18
f89ec17b7175,2017-03-19,2017-04-12,2017-04-18
edf0b65c2fa2,2017-04-14,2017-04-14,2017-04-18
0697e908f227,2017-03-17,2017-04-12,2017-04-15
8debf6ef5763,2017-03-23,2017-04-12,2017-04-18
86b8ae23be3c,2017-04-14,2017-04-14,2017-04-18
86dd5a6dfc48,2017-03-15,2017-04-12,2017-04-13
d43779704326,2017-04-02,2017-04-12,2017-04-18
07e77ea9dfe0,2017-04-01,2017-04-12,2017-04-18
0f20010cd3aa,2017-03-21,2017-04-12,2017-04-18
9da34aa61601,2017-04-07,2017-04-12,2017-04-18
9d20b40f49d8,2017-03-14,2017-04-12,2017-04-13
36bbe0daa922,2017-04-12,2017-04-12,2017-04-18
c2c991af35c0,2017-04-09,2017-04-12,2017-04-18
99769fa330a8,2017-04-06,2017-04-12,2017-04-18
7ea6dd8bb359,2017-03-29,2017-04-12,2017-04-18
f8945a9e95a0,2017-04-07,2017-04-12,2017-04-18
5d90fb6273f9,2017-03-16,2017-04-12,2017-04-15
196654f3425e,2017-03-20,2017-04-12,2017-04-18
ddc1f1f7fd0f,2017-03-21,2017-04-12,2017-04-18
5276715e1533,2017-04-06,2017-04-12,2017-04-18
3d0b90ceb193,2017-04-09,2017-04-12,2017-04-18
3d205d657572,2017-04-11,2017-04-12,2017-04-18
f3c9d44020ee,2017-04-16,2017-04-16,2017-04-18
61859c7f98df,2017-03-24,2017-04-12,2017-04-18
e540b072fcd0,2017-03-27,2017-04-12,2017-04-18
f7272fcb400c,2017-03-19,2017-04-12,2017-04-18
ea0e1c32ae08,2017-04-01,2017-04-12,2017-04-18
702719c2e62b,2017-03-21,2017-04-12,2017-04-18
fb5b4389b7d1,2017-03-23,2017-04-12,2017-04-18
6120067df441,2017-03-20,2017-04-12,2017-04-18
dfb332d71708,2017-03-21,2017-04-12,2017-04-18
8ae1b9944d70,2017-04-09,2017-04-12,2017-04-18
3dc9a32c2ea9,2017-04-10,2017-04-12,2017-04-18
b19082c68bc4,2017-04-11,2017-04-12,2017-04-18
f3f44a9f802b,2017-04-09,2017-04-12,2017-04-18
9ecea5d5b0fa,2017-03-17,2017-04-12,2017-04-15
bd63c56d6a60,2017-03-27,2017-04-12,2017-04-18
aa1704ed6a16,2017-03-19,2017-04-12,2017-04-18
e524d917ecf5,2017-03-18,2017-04-12,2017-04-17
26031734381a,2017-04-02,2017-04-12,2017-04-15
1ef5c8895d37,2017-04-09,2017-04-12,2017-04-18
3ec39820823b,2017-04-07,2017-04-12,2017-04-18
1faeb34b74d4,2017-03-26,2017-04-12,2017-04-18
1c34bbc4aae3,2017-03-27,2017-04-12,2017-04-18
548474d8f9cb,2017-04-04,2017-04-12,2017-04-18
e25ea487e458,2017-03-29,2017-04-12,2017-04-18
129867e8f57c,2017-04-09,2017-04-12,2017-04-18
4d1c267ff918,2017-04-05,2017-04-12,2017-04-18
d659c51235cf,2017-04-03,2017-04-12,2017-04-18
090d428a9f22,2017-04-15,2017-04-16,2017-04-18
6f29bfdfdb99,2017-04-13,2017-04-13,2017-04-18
e901d9b721ea,2017-03-14,2017-04-12,2017-04-13
7991d76797f3,2017-04-17,2017-04-17,2017-04-18
fa1ca3ca2d27,2017-03-31,2017-04-12,2017-04-18
6396ebeb42dc,2017-04-07,2017-04-12,2017-04-18
34d27480bcf3,2017-04-04,2017-04-12,2017-04-18
b7be2b4949b5,2017-03-20,2017-04-12,2017-04-18
a1ce64914f85,2017-04-01,2017-04-12,2017-04-18
79ea223cb799,2017-04-09,2017-04-12,2017-04-18
f8d5d6c41200,2017-04-14,2017-04-14,2017-04-18
077964cddca1,2017-03-30,2017-04-12,2017-04-18
1b3ae5d0700c,2017-03-16,2017-04-12,2017-04-14
50e9efb58573,2017-03-19,2017-04-12,2017-04-18
c51b48b55f5e,2017-04-10,2017-04-12,2017-04-18
35a7cb0dc1c3,2017-04-10,2017-04-12,2017-04-18
11a31a57a02a,2017-04-12,2017-04-12,2017-04-18
695a4911d31d,2017-04-07,2017-04-12,2017-04-18
1da5b775d245,2017-03-22,2017-04-12,2017-04-18
9faff676460f,2017-04-07,2017-04-12,2017-04-18
54de9f565c6e,2017-04-17,2017-04-17,2017-04-18
d8b38ba2692c,2017-04-10,2017-04-12,2017-04-18
ecebff80d73d,2017-03-27,2017-04-12,2017-04-18
91b696608583,2017-04-13,2017-04-13,2017-04-18
c9a8eadbe892,2017-03-28,2017-04-12,2017-04-18
5f5d04c2b35d,2017-04-14,2017-04-14,2017-04-18
37ece3338e85,2017-03-14,2017-04-12,2017-04-13
a175607b5543,2017-04-11,2017-04-12,2017-04-18
5baed2611a5a,2017-03-18,2017-04-12,2017-04-17
89c37e8e38b5,2017-04-17,2017-04-17,2017-04-18
87a245c21e35,2017-04-07,2017-04-12,2017-04-18
4c0d426f73df,2017-04-12,2017-04-12,2017-04-18
24a2b7ab75ab,2017-03-24,2017-04-12,2017-04-18
b1f37e880f59,2017-03-27,2017-04-12,2017-04-18
9eaea73b5bff,2017-04-05,2017-04-12,2017-04-18
6c1b0633895f,2017-03-19,2017-04-12,2017-04-17
1d9ad9436960,2017-03-18,2017-04-12,2017-04-17
cd92a9e48436,2017-03-30,2017-04-12,2017-04-14
14ed41294278,2017-03-20,2017-04-12,2017-04-18
d1e7fddce70f,2017-04-16,2017-04-16,2017-04-18
9673dacf6528,2017-04-09,2017-04-12,2017-04-18
65f48e770a2b,2017-04-10,2017-04-12,2017-04-18
5e8023f13234,2017-03-14,2017-04-12,2017-04-13
957a269b4b69,2017-04-01,2017-04-12,2017-04-18
0e808454849d,2017-03-28,2017-04-12,2017-04-18
260233347d5c,2017-04-12,2017-04-12,2017-04-13
cee1255eb323,2017-03-25,2017-04-12,2017-04-18
85e993c4581d,2017-03-23,2017-04-12,2017-04-18
515f5bbfed4e,2017-03-20,2017-04-12,2017-04-18
29111b233a61,2017-04-05,2017-04-12,2017-04-18
853c62e8080c,2017-04-14,2017-04-14,2017-04-18
2bc672456dd0,2017-03-22,2017-04-12,2017-04-18
b4ff155f9ee4,2017-03-14,2017-04-12,2017-04-13
4d620f413faf,2017-03-13,2017-04-12,2017-04-12
aa16113d8042,2017-03-24,2017-04-12,2017-04-18
0cce8b91b575,2017-03-18,2017-04-12,2017-04-17
bed931063235,2017-03-16,2017-04-12,2017-04-15
2f978ee92aa4,2017-03-22,2017-04-12,2017-04-18
5e2b88503d51,2017-03-30,2017-04-12,2017-04-18
676475770126,2017-03-30,2017-04-12,2017-04-18
2a9d786423a7,2017-04-04,2017-04-12,2017-04-18
7d677fab2d8e,2017-03-28,2017-04-12,2017-04-18
ae7b2a78b760,2017-04-02,2017-04-12,2017-04-18
ee7e3f659a7a,2017-03-29,2017-04-12,2017-04-18
de68cc32afeb,2017-03-13,2017-04-12,2017-04-12
ebca65dcb2b6,2017-03-14,2017-04-12,2017-04-12
26294ccb2895,2017-04-10,2017-04-12,2017-04-18
04e1f76ae124,2017-03-31,2017-04-12,2017-04-18
a51d20cc4619,2017-03-25,2017-04-12,2017-04-18
1be8e3a84f97,2017-03-30,2017-04-12,2017-04-18
4d6acfdc263f,2017-04-07,2017-04-12,2017-04-18
4f8ed4527c90,2017-04-06,2017-04-12,2017-04-18
7a1585cad38c,2017-03-29,2017-04-12,2017-04-18
f846fdc11335,2017-04-13,2017-04-13,2017-04-18
e12ffe8d690b,2017-04-01,2017-04-12,2017-04-18
3ce6e209bc26,2017-03-14,2017-04-12,2017-04-13
c0a55c4cb768,2017-04-07,2017-04-12,2017-04-18
17352c349cd5,2017-04-17,2017-04-17,2017-04-18
84c6d115a199,2017-03-17,2017-04-12,2017-04-16
9a5e2ebda658,2017-04-15,2017-04-15,2017-04-18
5cf468ca53dd,2017-03-23,2017-04-12,2017-04-18
e25cac332d85,2017-04-02,2017-04-12,2017-04-18
0af63af57e93,2017-04-09,2017-04-12,2017-04-18
a13cec9a90b6,2017-03-31,2017-04-12,2017-04-18
93281970a9fd,2017-03-23,2017-04-12,2017-04-18
819ec6664785,2017-03-20,2017-04-12,2017-04-18
fe77b2e8f47b,2017-04-12,2017-04-12,2017-04-18
26a7af5efe5f,2017-04-04,2017-04-12,2017-04-18
91f04231397d,2017-04-05,2017-04-12,2017-04-18
f7a848e60b12,2017-03-25,2017-04-12,2017-04-18
5c482e19ab94,2017-04-05,2017-04-12,2017-04-18
84f61fc57e4a,2017-04-11,2017-04-12,2017-04-18
eb20de502a64,2017-03-25,2017-04-12,2017-04-18
292d13f545cc,2017-03-17,2017-04-12,2017-04-15
782268b8d0a8,2017-04-03,2017-04-12,2017-04-18
351f91fcc241,2017-03-31,2017-04-12,2017-04-18
718a885abe2c,2017-03-22,2017-04-12,2017-04-18
3d549b197c94,2017-04-05,2017-04-12,2017-04-18
2d9b067add21,2017-03-31,2017-04-12,2017-04-18
33c1f47e7143,2017-04-05,2017-04-12,2017-04-18
3b59df961d70,2017-04-07,2017-04-12,2017-04-18
a60c2357635f,2017-03-15,2017-04-12,2017-04-13
6c7ef0544be1,2017-04-08,2017-04-12,2017-04-18
cebfbcf55fbb,2017-04-17,2017-04-17,2017-04-18
d927b240a2b5,2017-04-16,2017-04-16,2017-04-18
22ecd5a0f536,2017-04-03,2017-04-12,2017-04-15
4def52b03edc,2017-03-24,2017-04-12,2017-04-18
c4035321c388,2017-04-01,2017-04-12,2017-04-18
444affb97274,2017-04-04,2017-04-12,2017-04-16
afc9c991005c,2017-04-16,2017-04-16,2017-04-18
64927e37fba6,2017-03-28,2017-04-12,2017-04-18
ad3ac37cd86a,2017-04-07,2017-04-12,2017-04-18
e90a0eb447d9,2017-03-22,2017-04-12,2017-04-18
5b0126171bba,2017-04-17,2017-04-17,2017-04-18
09e1d94dd0b2,2017-04-04,2017-04-12,2017-04-18
f01da4fe8495,2017-03-18,2017-04-12,2017-04-17
6751831da44d,2017-04-01,2017-04-12,2017-04-18
fc022c1e39a0,2017-04-11,2017-04-12,2017-04-18
e437ad370a5e,2017-04-07,2017-04-12,2017-04-18
dc3ff4625e29,2017-03-19,2017-04-12,2017-04-18
4d5554b79e6e,2017-03-20,2017-04-12,2017-04-18
3055e7ff44d8,2017-04-02,2017-04-12,2017-04-18
34f59631b476,2017-03-30,2017-04-12,2017-04-18
fded9271d1bd,2017-03-24,2017-04-12,2017-04-18
e5cea8737806,2017-04-05,2017-04-12,2017-04-18
e73e73f8cb36,2017-03-19,2017-04-12,2017-04-18
1157552862f7,2017-03-14,2017-04-12,2017-04-12
ab962147998b,2017-03-30,2017-04-12,2017-04-18
1e483c8fbfa9,2017-03-30,2017-04-12,2017-04-18
9334a2725e0d,2017-04-07,2017-04-12,2017-04-18
b708238e7be4,2017-04-04,2017-04-12,2017-04-18
d6a59332c484,2017-04-16,2017-04-16,2017-04-18
1f5bc7febd91,2017-04-03,2017-04-12,2017-04-18
cf7e83632cab,2017-03-14,2017-04-12,2017-04-13
80185cbe88aa,2017-04-06,2017-04-12,2017-04-18
538d23258edd,2017-04-05,2017-04-12,2017-04-18
c2a021090dd4,2017-03-25,2017-04-12,2017-04-18
eb197c602ca6,2017-04-04,2017-04-12,2017-04-18
c183c3c8bd91,2017-03-31,2017-04-12,2017-04-18
f65c387f202c,2017-04-15,2017-04-15,2017-04-18
29956f242a3d,2017-03-25,2017-04-12,2017-04-18
e7b8124437cc,2017-04-05,2017-04-12,2017-04-18
96ae36002d96,2017-04-06,2017-04-12,2017-04-18
6fb14d034bba,2017-03-19,2017-04-12,2017-04-17
511fcb6abf22,2017-04-08,2017-04-12,2017-04-18
06e65faae3fb,2017-03-31,2017-04-12,2017-04-18
0ed63b34de7f,2017-03-27,2017-04-12,2017-04-18
87eb378f6a3e,2017-04-05,2017-04-12,2017-04-18
4a993fe19106,2017-04-07,2017-04-12,2017-04-18
99c6c19193d6,2017-03-23,2017-04-12,2017-04-18
6c426e46a1fa,2017-04-07,2017-04-12,2017-04-18
d94e1d842ac2,2017-04-08,2017-04-12,2017-04-18
96ca780f6c0a,2017-03-23,2017-04-12,2017-04-13
811a0ea8220c,2017-04-06,2017-04-12,2017-04-18
698fae794f0a,2017-03-16,2017-04-12,2017-04-14
5223a7042729,2017-04-04,2017-04-12,2017-04-18
fb1f1ade2f74,2017-03-27,2017-04-12,2017-04-18
682ef30bf18a,2017-03-26,2017-04-12,2017-04-18
6a5e9a37113e,2017-03-18,2017-04-12,2017-04-16
f32f06289d3a,2017-04-07,2017-04-12,2017-04-18
6c156698db94,2017-03-23,2017-04-12,2017-04-18
3a70cf268bb9,2017-04-11,2017-04-12,2017-04-18
7a5afb2fadef,2017-03-26,2017-04-12,2017-04-18
14d1e476455d,2017-03-23,2017-04-12,2017-04-18
a8be018652ee,2017-04-17,2017-04-17,2017-04-18
94b85758de78,2017-03-22,2017-04-12,2017-04-18
3ccebeabe1c9,2017-03-30,2017-04-12,2017-04-18
e5bc3e4342be,2017-04-01,2017-04-12,2017-04-18
e614a97b2827,2017-04-05,2017-04-12,2017-04-18
1fcd780cbf16,2017-04-18,2017-04-18,2017-04-18
b630f9032eaf,2017-03-20,2017-04-12,2017-04-18
cd0580fd1673,2017-03-20,2017-04-12,2017-04-18
3fa5669d7bd5,2017-03-13,2017-04-12,2017-04-12
649dfe7a18c8,2017-03-28,2017-04-12,2017-04-18
897a0e14b49f,2017-04-02,2017-04-12,2017-04-18
ebabd159b90a,2017-04-10,2017-04-12,2017-04-18
ddc4618571cc,2017-04-03,2017-04-12,2017-04-18
529c101fcca2,2017-03-16,2017-04-12,2017-04-14
9133d69c2faa,2017-04-13,2017-04-13,2017-04-18
e74c417808a4,2017-03-19,2017-04-12,2017-04-18
8927bcb66335,2017-03-29,2017-04-12,2017-04-17
14f76fb8807b,2017-03-27,2017-04-12,2017-04-18
9e67ef17ae28,2017-04-18,2017-04-18,2017-04-18
27835f3220d1,2017-04-03,2017-04-12,2017-04-18
4127b4f56bbf,2017-04-10,2017-04-12,2017-04-18
224004e2763e,2017-03-21,2017-04-12,2017-04-18
e0770e80211a,2017-04-10,2017-04-12,2017-04-18
eb5431533963,2017-04-02,2017-04-12,2017-04-18
2d0ad42ab92f,2017-04-12,2017-04-12,2017-04-18
e88f3ca7e98e,2017-04-09,2017-04-12,2017-04-18
c54a3ba2f1e3,2017-04-02,2017-04-12,2017-04-18
a4dc27501173,2017-03-30,2017-04-12,2017-04-18
70c2910f6457,2017-04-18,2017-04-18,2017-04-18
f164ae61fc99,2017-04-14,2017-04-14,2017-04-18
bd6ea5510c15,2017-04-02,2017-04-12,2017-04-18
07dbd138eab9,2017-03-29,2017-04-12,2017-04-18
be6663809d33,2017-03-14,2017-04-12,2017-04-13
17bab9b899ca,2017-03-23,2017-04-12,2017-04-18
fec3f7568749,2017-04-14,2017-04-14,2017-04-18
cef258dce96b,2017-03-14,2017-04-12,2017-04-13
63ba582a2b94,2017-04-01,2017-04-12,2017-04-18
c3fb6d639d69,2017-03-17,2017-04-12,2017-04-16
b301b4cee1f3,2017-04-16,2017-04-16,2017-04-18
db70cd135fed,2017-03-13,2017-04-12,2017-04-12
03c7a04bc5fb,2017-04-05,2017-04-12,2017-04-17
a30d7c2a235a,2017-04-01,2017-04-12,2017-04-18
19c8fed9d1be,2017-04-04,2017-04-12,2017-04-18
9992b123d40c,2017-03-18,2017-04-12,2017-04-17
b32c349af628,2017-04-01,2017-04-12,2017-04-18
14e417755ae6,2017-04-14,2017-04-14,2017-04-18
64e7abaced82,2017-04-02,2017-04-12,2017-04-18
718b4b3c24b1,2017-03-23,2017-04-12,2017-04-18
4666b74a0430,2017-03-20,2017-04-12,2017-04-18
a70dd78eef5d,2017-03-30,2017-04-12,2017-04-18
df6d69a54158,2017-04-14,2017-04-14,2017-04-18
22c0523b70ed,2017-03-18,2017-04-12,2017-04-16
3efbb62022fe,2017-03-24,2017-04-12,2017-04-18
9b5bcf4d021a,2017-03-21,2017-04-12,2017-04-18
e3cbeed2dae8,2017-03-19,2017-04-12,2017-04-17
cbba4071c851,2017-04-13,2017-04-13,2017-04-18
85721e97b9af,2017-03-25,2017-04-12,2017-04-18
f4bcdd5bc954,2017-04-04,2017-04-12,2017-04-18
ad2cb60df307,2017-03-31,2017-04-12,2017-04-18
350b76b3e470,2017-04-07,2017-04-12,2017-04-18
1c08a960e5ae,2017-04-10,2017-04-12,2017-04-18
c563029063da,2017-04-17,2017-04-17,2017-04-18
1b9ba60f5ae3,2017-03-24,2017-04-12,2017-04-18
421ea1b53608,2017-03-19,2017-04-12,2017-04-18
f41d77e957d0,2017-04-06,2017-04-12,2017-04-18
48c18501e306,2017-04-09,2017-04-12,2017-04-18
14bbb215a921,2017-04-10,2017-04-12,2017-04-18
b3064ef57052,2017-04-01,2017-04-12,2017-04-18
fa32be081710,2017-04-03,2017-04-12,2017-04-18
6afcd2546bda,2017-03-30,2017-04-12,2017-04-18
6ecb4b57b362,2017-03-20,2017-04-12,2017-04-18
7cdeba6626cf,2017-04-03,2017-04-12,2017-04-18
ca21e7d37ce0,2017-03-21,2017-04-12,2017-04-18
ddd76c302ed3,2017-04-05,2017-04-12,2017-04-18
ae2789a6f212,2017-03-27,2017-04-12,2017-04-18
582a215602d4,2017-04-12,2017-04-12,2017-04-18
3802ecc2b61a,2017-03-23,2017-04-12,2017-04-18
007fce59e084,2017-03-25,2017-04-12,2017-04-18
3ba243660b77,2017-04-07,2017-04-12,2017-04-18
6cbdffb90004,2017-04-09,2017-04-12,2017-04-18
930bb143ced7,2017-03-14,2017-04-12,2017-04-13
3a98b5714e56,2017-04-14,2017-04-14,2017-04-18
205b2e7d4ebf,2017-04-09,2017-04-12,2017-04-18
fbcc66e8745c,2017-04-14,2017-04-14,2017-04-18
dfbb2acc0586,2017-04-14,2017-04-14,2017-04-18
b8ebabcbaa3e,2017-03-20,2017-04-12,2017-04-18
942b3a22a81d,2017-03-13,2017-04-12,2017-04-12
73daf3ebc522,2017-03-28,2017-04-12,2017-04-18
6204b6fef158,2017-04-16,2017-04-16,2017-04-18
4d33e2906a8c,2017-03-21,2017-04-12,2017-04-18
3716d00e033d,2017-03-31,2017-04-12,2017-04-18
048dd482a3b8,2017-03-31,2017-04-12,2017-04-18
f2e01ba0f48f,2017-04-18,2017-04-18,2017-04-18
59bb05c066d6,2017-03-26,2017-04-12,2017-04-18
65b5eb079d2a,2017-04-06,2017-04-12,2017-04-18
769c60ef801c,2017-04-01,2017-04-12,2017-04-18
8a829259db7f,2017-04-03,2017-04-12,2017-04-18
9881504254d4,2017-04-16,2017-04-16,2017-04-18
dbb8546db8c8,2017-04-15,2017-04-15,2017-04-18
b396f10946f8,2017-04-14,2017-04-14,2017-04-18
696b2b2ab2af,2017-04-11,2017-04-12,2017-04-18
3242f20af644,2017-03-16,2017-04-12,2017-04-15
c25b32aadd95,2017-03-18,2017-04-12,2017-04-17
c99b519fc4cc,2017-04-02,2017-04-12,2017-04-18
6022cf5e559c,2017-03-29,2017-04-12,2017-04-18
e8505f1d4a72,2017-03-17,2017-04-12,2017-04-15
fa7690b8283e,2017-03-28,2017-04-12,2017-04-18
a426d28c15ea,2017-03-22,2017-04-12,2017-04-18
50dce90863b9,2017-04-17,2017-04-17,2017-04-18
e4375cd2eb57,2017-03-23,2017-04-12,2017-04-18
bb2e89177cfd,2017-03-30,2017-04-12,2017-04-18
01606ad56e37,2017-03-21,2017-04-12,2017-04-18
f95451f37a36,2017-03-22,2017-04-12,2017-04-18
3e3c8dd59501,2017-03-17,2017-04-12,2017-04-16
79798a4658a7,2017-03-29,2017-04-12,2017-04-18
c706b3215631,2017-03-22,2017-04-12,2017-04-18
f3937e88723a,2017-03-30,2017-04-12,2017-04-18
c285d94671e4,2017-04-15,2017-04-15,2017-04-18
9b6330973bee,2017-04-01,2017-04-12,2017-04-18
272d1a1e97a4,2017-03-21,2017-04-12,2017-04-18
7342e4dbe4bf,2017-03-31,2017-04-12,2017-04-18
1d0b8620177f,2017-03-20,2017-04-12,2017-04-18
74b52b6b1cc0,2017-04-06,2017-04-12,2017-04-18
f0ffb725791f,2017-03-16,2017-04-12,2017-04-15
f6b1cbad036b,2017-03-21,2017-04-12,2017-04-18
7599a5a6ae06,2017-04-03,2017-04-12,2017-04-18
f26b41dc5fb3,2017-04-07,2017-04-12,2017-04-18
76c08346a05b,2017-04-06,2017-04-12,2017-04-18
4fe067002212,2017-03-26,2017-04-12,2017-04-18
e0a8d5bde343,2017-03-25,2017-04-12,2017-04-18
dc10a6ea70cd,2017-04-03,2017-04-12,2017-04-18
6db7febbe70c,2017-04-06,2017-04-12,2017-04-18
168678eb5bf6,2017-03-13,2017-04-12,2017-04-12
eaac23a2f08b,2017-03-20,2017-04-12,2017-04-18
7d57f05564c3,2017-03-28,2017-04-12,2017-04-18
cf0be72458b2,2017-03-13,2017-04-12,2017-04-12
cbd4e712f4d4,2017-04-17,2017-04-17,2017-04-18
feae7262119a,2017-03-30,2017-04-12,2017-04-18
81d9bf0009b3,2017-03-30,2017-04-12,2017-04-18
8387a3d691a5,2017-04-07,2017-04-12,2017-04-18
460b5e28360a,2017-04-11,2017-04-12,2017-04-18
2e8230b28b77,2017-03-23,2017-04-12,2017-04-18
8df1b07de58a,2017-04-15,2017-04-15,2017-04-18
cf1ddb6e1512,2017-04-05,2017-04-12,2017-04-18
f5b7d5b1fed8,2017-04-17,2017-04-17,2017-04-18
ad32fe04865c,2017-04-09,2017-04-12,2017-04-18
54a73efa2657,2017-04-15,2017-04-15,2017-04-18
3cef15f8a4f9,2017-04-07,2017-04-12,2017-04-18
2c44e92d1c9c,2017-03-22,2017-04-12,2017-04-18
f8f63e57683c,2017-04-08,2017-04-12,2017-04-13
0885def3f889,2017-03-30,2017-04-12,2017-04-18
260f94d42e39,2017-03-27,2017-04-12,2017-04-18
cfdf2d171084,2017-04-02,2017-04-12,2017-04-18
cad2d60cd9e4,2017-04-03,2017-04-12,2017-04-18
0abc36907949,2017-04-09,2017-04-12,2017-04-18
b329e0e8fa2b,2017-03-31,2017-04-12,2017-04-18
c82deeaf85d8,2017-03-30,2017-04-12,2017-04-18
b31bcefac1f1,2017-04-07,2017-04-12,2017-04-13
074d4a2e0ab4,2017-04-05,2017-04-12,2017-04-18
e03b7f3cf921,2017-04-04,2017-04-12,2017-04-18
873e45c98566,2017-04-11,2017-04-12,2017-04-18
b0509697177e,2017-03-27,2017-04-12,2017-04-18
55558bf64d30,2017-04-14,2017-04-14,2017-04-18
61dab7ad2634,2017-04-06,2017-04-12,2017-04-18
a7b858cd6590,2017-03-17,2017-04-12,2017-04-15
c26f96e85d31,2017-04-08,2017-04-12,2017-04-18
5311aa8e63d4,2017-04-09,2017-04-12,2017-04-18
d364084edcca,2017-04-17,2017-04-17,2017-04-18
7c1bc1da42f2,2017-04-06,2017-04-12,2017-04-18
6587366af1b6,2017-03-18,2017-04-12,2017-04-17
954f55a09ab8,2017-04-01,2017-04-12,2017-04-18
4b2b05d34e8e,2017-04-08,2017-04-12,2017-04-18
956fd56e7035,2017-03-22,2017-04-12,2017-04-18
3cc3e78efbf6,2017-04-13,2017-04-13,2017-04-18
85b272db2eea,2017-03-22,2017-04-12,2017-04-18
b94e83562b28,2017-04-11,2017-04-12,2017-04-18
fdc17b4a9403,2017-04-11,2017-04-12,2017-04-18
d67ec89870a4,2017-03-28,2017-04-12,2017-04-18
42dd98fa33aa,2017-03-16,2017-04-12,2017-04-15
bb2a27f3bdff,2017-03-22,2017-04-12,2017-04-18
ccef2b57a061,2017-04-04,2017-04-12,2017-04-18
dcbe0b636c9a,2017-03-21,2017-04-12,2017-04-18
c56804998031,2017-04-18,2017-04-18,2017-04-18
31b771fcd8f6,2017-04-14,2017-04-14,2017-04-18
da31339c41cb,2017-04-11,2017-04-12,2017-04-18
a0119277fb76,2017-04-04,2017-04-12,2017-04-18
7cb592a2cdec,2017-03-14,2017-04-12,2017-04-12
809e36c9244a,2017-03-14,2017-04-12,2017-04-13
0a35172fd826,2017-04-14,2017-04-14,2017-04-18
4c3c6d725652,2017-04-14,2017-04-14,2017-04-18
bbfd2f1ea1e7,2017-03-26,2017-04-12,2017-04-18
cd7ebc4bdf00,2017-03-28,2017-04-12,2017-04-18
a8d994078b82,2017-04-04,2017-04-12,2017-04-18
7764ed68a313,2017-03-22,2017-04-12,2017-04-18
964bbe01bb37,2017-04-17,2017-04-17,2017-04-18
d6ca18ff024a,2017-03-27,2017-04-12,2017-04-18
a43f5d144d86,2017-03-27,2017-04-12,2017-04-18
11ec2df083ab,2017-04-04,2017-04-12,2017-04-18
59379898c420,2017-04-14,2017-04-14,2017-04-18
a393b840f70e,2017-03-16,2017-04-12,2017-04-15
8e87cd9d8ea9,2017-03-23,2017-04-12,2017-04-18
8929894f0e5f,2017-04-01,2017-04-12,2017-04-18
444892149190,2017-03-19,2017-04-12,2017-04-18
d40f4dc68794,2017-03-15,2017-04-12,2017-04-14
e81581f23de2,2017-04-17,2017-04-17,2017-04-18
7362e2598f50,2017-04-18,2017-04-18,2017-04-18
a0ef32872067,2017-04-14,2017-04-14,2017-04-18
ee1a8e64d189,2017-04-04,2017-04-12,2017-04-18
a95d785cafdb,2017-03-13,2017-04-12,2017-04-12
24f954514d3d,2017-03-30,2017-04-12,2017-04-18
4622fd521d76,2017-03-19,2017-04-12,2017-04-18
08ce22653c28,2017-03-22,2017-04-12,2017-04-18
8804b66e151f,2017-03-24,2017-04-12,2017-04-18
5fe7a2dd2c01,2017-04-02,2017-04-12,2017-04-18
d3a4aa0d2b44,2017-03-16,2017-04-12,2017-04-14
0939812c510a,2017-04-02,2017-04-12,2017-04-18
ba209332b404,2017-03-25,2017-04-12,2017-04-18
f14dd174d05f,2017-03-27,2017-04-12,2017-04-18
28ab9d14ba7a,2017-03-24,2017-04-12,2017-04-18
75ddbe8bf6cf,2017-04-17,2017-04-17,2017-04-18
a2f44fd4c11a,2017-03-20,2017-04-12,2017-04-18
7075564b9277,2017-04-05,2017-04-12,2017-04-18
655deccc0f3e,2017-04-05,2017-04-12,2017-04-18
9f6992677170,2017-04-01,2017-04-12,2017-04-18
e8e17672b224,2017-03-14,2017-04-12,2017-04-13
5a08a73be159,2017-03-23,2017-04-12,2017-04-18
6d8d26330068,2017-03-30,2017-04-12,2017-04-18
034430b4f4b4,2017-04-10,2017-04-12,2017-04-18
6a7001e2ffe2,2017-04-03,2017-04-12,2017-04-18
7dd8f9faf06e,2017-03-16,2017-04-12,2017-04-15
252bc6de5640,2017-03-14,2017-04-12,2017-04-13
bf385ed7f43b,2017-03-17,2017-04-12,2017-04-16
3c2acff8b7b8,2017-04-11,2017-04-12,2017-04-18
271a569b7f16,2017-03-26,2017-04-12,2017-04-18
2d3eada7f31e,2017-03-14,2017-04-12,2017-04-13
66b7228a4343,2017-03-14,2017-04-12,2017-04-12
fa0ff507d09c,2017-04-03,2017-04-12,2017-04-18
ae0efec63b68,2017-04-13,2017-04-13,2017-04-18
5a620318a3af,2017-04-05,2017-04-12,2017-04-18
9aa322620559,2017-03-29,2017-04-12,2017-04-18
544e78b84be4,2017-04-13,2017-04-13,2017-04-18
c111750a3d56,2017-03-26,2017-04-12,2017-04-18
a4688d1dc335,2017-04-01,2017-04-12,2017-04-18
0e20a62a4ed0,2017-04-08,2017-04-12,2017-04-17
fe98e574279c,2017-04-02,2017-04-12,2017-04-13
ee87980fb3e8,2017-04-04,2017-04-12,2017-04-18
34693daacf26,2017-03-28,2017-04-12,2017-04-18
946971fac7d6,2017-03-30,2017-04-12,2017-04-18
d1bd61e2c69b,2017-04-08,2017-04-12,2017-04-18
4369862e3565,2017-03-14,2017-04-12,2017-04-13
6c5ee62fa63b,2017-03-24,2017-04-12,2017-04-18
1f5e51abcb72,2017-03-30,2017-04-12,2017-04-18
986759600dc6,2017-04-05,2017-04-12,2017-04-18
192d8da0d2ba,2017-03-28,2017-04-12,2017-04-18
05454ff49012,2017-03-22,2017-04-12,2017-04-18
4a307b9863b6,2017-04-14,2017-04-14,2017-04-18
cbd37257e14f,2017-03-21,2017-04-12,2017-04-18
1ec4f32dd5c7,2017-04-01,2017-04-12,2017-04-18
8332c2378a7a,2017-04-06,2017-04-12,2017-04-18
81f797603b92,2017-04-10,2017-04-12,2017-04-18
42324014128b,2017-03-13,2017-04-12,2017-04-12
f79e14140dcd,2017-04-17,2017-04-17,2017-04-18
369d7e3bee1b,2017-04-16,2017-04-16,2017-04-18
35ce81ef8e27,2017-04-02,2017-04-12,2017-04-18
657d937ab657,2017-04-17,2017-04-18,2017-04-18
a5219d34bb13,2017-03-18,2017-04-12,2017-04-17
8146fb15b1dc,2017-04-14,2017-04-14,2017-04-18
f4469350e64b,2017-03-24,2017-04-12,2017-04-18
e7f54749406a,2017-04-13,2017-04-13,2017-04-18
cac26c5776b8,2017-04-06,2017-04-12,2017-04-18
373491655528,2017-04-16,2017-04-16,2017-04-18
07a0fbcf9a92,2017-04-09,2017-04-12,2017-04-18
eb01aea5d34b,2017-04-09,2017-04-12,2017-04-18
7ccb3a43af81,2017-03-26,2017-04-12,2017-04-18
dc506e970886,2017-04-03,2017-04-12,2017-04-18
5aebac169366,2017-04-10,2017-04-12,2017-04-18
c9f249bff912,2017-03-20,2017-04-12,2017-04-18
6bd2b3087d93,2017-04-07,2017-04-12,2017-04-18
d441c66bd689,2017-04-11,2017-04-12,2017-04-18
0f4df7c59d3c,2017-03-19,2017-04-12,2017-04-17
fa0c35dde09f,2017-04-07,2017-04-12,2017-04-18
499cde17ee2e,2017-04-02,2017-04-12,2017-04-18
c93adbc87134,2017-04-03,2017-04-12,2017-04-18
a85993d32d3d,2017-03-13,2017-04-12,2017-04-12
f4eb743b3547,2017-04-18,2017-04-18,2017-04-18
91cf0141e755,2017-04-03,2017-04-12,2017-04-18
fe58b048b4a1,2017-04-17,2017-04-17,2017-04-18
43f455d9d104,2017-04-06,2017-04-12,2017-04-18
a43e75ae0cb7,2017-04-16,2017-04-16,2017-04-18
05712f776bea,2017-03-25,2017-04-12,2017-04-18
c56a10fb7006,2017-03-29,2017-04-12,2017-04-18
75fcf84d3587,2017-04-03,2017-04-12,2017-04-18
eb717e791a0a,2017-04-12,2017-04-12,2017-04-18
d5cfc8ce4242,2017-03-19,2017-04-12,2017-04-17
3daa7a26d891,2017-03-21,2017-04-12,2017-04-18
f989058c14bc,2017-04-11,2017-04-12,2017-04-18
bb514130820b,2017-03-23,2017-04-12,2017-04-18
d968d9acfab8,2017-03-21,2017-04-12,2017-04-18
7cdda0a805de,2017-03-27,2017-04-12,2017-04-18
b57b5b50d830,2017-04-12,2017-04-12,2017-04-18
5489f6eb6812,2017-04-06,2017-04-12,2017-04-18
e0c6a3518bae,2017-03-19,2017-04-12,2017-04-18
a9b187d864b7,2017-03-20,2017-04-12,2017-04-18
913c9fecf807,2017-04-08,2017-04-12,2017-04-18
3747c961ae90,2017-04-13,2017-04-13,2017-04-18
c1856fb800a3,2017-04-07,2017-04-12,2017-04-18
bf93b165a0b4,2017-03-18,2017-04-12,2017-04-16
48b95204095d,2017-03-23,2017-04-12,2017-04-18
5474357b801a,2017-03-27,2017-04-12,2017-04-18
f3414284928b,2017-04-13,2017-04-13,2017-04-18
bcdf34334eaa,2017-04-12,2017-04-12,2017-04-18
826b6fecbd51,2017-03-22,2017-04-12,2017-04-16
e144632a8065,2017-04-10,2017-04-12,2017-04-18
43a348e303eb,2017-03-15,2017-04-12,2017-04-14
8636cce3ef4a,2017-03-28,2017-04-12,2017-04-18
b9d0b1be4a87,2017-04-04,2017-04-12,2017-04-18
3e5b740f1aa3,2017-03-29,2017-04-12,2017-04-18
5105550ffe54,2017-04-14,2017-04-14,2017-04-18
d3d3bc92ae46,2017-04-01,2017-04-12,2017-04-18
ddbad02e2a68,2017-04-06,2017-04-12,2017-04-18
d98642c695b8,2017-03-24,2017-04-12,2017-04-18
3a096bd1c1e5,2017-04-10,2017-04-12,2017-04-18
f01e1f1eb5b0,2017-03-16,2017-04-12,2017-04-15
ba412501858e,2017-04-02,2017-04-12,2017-04-18
a9685277a5e6,2017-03-18,2017-04-12,2017-04-16
ab03be03f40d,2017-04-08,2017-04-12,2017-04-18
59784c17c8ee,2017-04-03,2017-04-12,2017-04-18
a93c019e85ad,2017-03-21,2017-04-12,2017-04-18
8067fbacff30,2017-03-23,2017-04-12,2017-04-18
4f8ea3e7c423,2017-04-08,2017-04-12,2017-04-18
55b2f25e5af4,2017-03-22,2017-04-12,2017-04-18
bf35a4ef3716,2017-04-15,2017-04-15,2017-04-18
d9cbabc4f58f,2017-03-15,2017-04-12,2017-04-13
024907e11909,2017-04-03,2017-04-12,2017-04-18
92710e0c40d3,2017-03-25,2017-04-12,2017-04-18
23a3c0d878b7,2017-03-13,2017-04-12,2017-04-12
b65296e4c097,2017-03-26,2017-04-12,2017-04-18
a1c3dee179cf,2017-04-17,2017-04-17,2017-04-18
5be7433b2673,2017-04-06,2017-04-12,2017-04-18
40ee75ab2ef4,2017-04-04,2017-04-12,2017-04-18
07dceffabd9e,2017-03-16,2017-04-12,2017-04-15
88bcb8f52900,2017-04-07,2017-04-12,2017-04-18
857c48a07ff3,2017-04-11,2017-04-12,2017-04-18
c8d393e025e5,2017-03-22,2017-04-12,2017-04-18
4e5e32ed7250,2017-04-17,2017-04-17,2017-04-18
a41867d6910b,2017-04-08,2017-04-12,2017-04-18
4ca6806bd2e6,2017-03-17,2017-04-12,2017-04-15
b0ec97c4072d,2017-03-13,2017-04-12,2017-04-12
996709873bb0,2017-04-04,2017-04-12,2017-04-18
a2791ef855f2,2017-04-08,2017-04-12,2017-04-18
105a9e29da84,2017-04-07,2017-04-12,2017-04-18
6112aa2a363f,2017-03-29,2017-04-12,2017-04-18
fbaec2a3aa31,2017-04-11,2017-04-12,2017-04-18
b4f40c72805d,2017-04-08,2017-04-12,2017-04-18
7e07c27717f0,2017-04-11,2017-04-12,2017-04-15
e785208feb38,2017-03-26,2017-04-12,2017-04-18
3cc77917135c,2017-03-29,2017-04-12,2017-04-18
3ff1f220c144,2017-04-11,2017-04-12,2017-04-13
833777a4bc43,2017-04-12,2017-04-12,2017-04-18
d38cc874b8ad,2017-04-17,2017-04-17,2017-04-18
f38e3a629cf4,2017-03-23,2017-04-12,2017-04-18
a6d230e44f4d,2017-03-25,2017-04-12,2017-04-18
d95c1a7acf9c,2017-03-16,2017-04-12,2017-04-15
84f8821cf7fa,2017-04-06,2017-04-12,2017-04-14
5a43f64ddf6e,2017-03-17,2017-04-12,2017-04-15
dd7d3c2356e4,2017-04-10,2017-04-12,2017-04-18
1bea251d6869,2017-04-06,2017-04-12,2017-04-18
afc8cd81ff8c,2017-04-14,2017-04-14,2017-04-18
2a97ef06cb2a,2017-03-20,2017-04-12,2017-04-18
2d2e3aa05d8d,2017-04-09,2017-04-12,2017-04-18
89fe5115c8fe,2017-03-22,2017-04-12,2017-04-18
e4970de7e97b,2017-04-09,2017-04-12,2017-04-18
1269ebe9bc55,2017-04-17,2017-04-17,2017-04-18
5cc6cdf21464,2017-03-22,2017-04-12,2017-04-18
7230dce3f6b7,2017-04-06,2017-04-12,2017-04-18
8d1b5a299c91,2017-04-07,2017-04-12,2017-04-18
8eaaca1eec91,2017-04-05,2017-04-12,2017-04-18
5dd945d62947,2017-04-13,2017-04-13,2017-04-18
91b9aa7e3c8c,2017-03-14,2017-04-12,2017-04-13
811598d05333,2017-04-15,2017-04-15,2017-04-18
c777b4a29773,2017-04-07,2017-04-12,2017-04-18
dfacc3035f55,2017-04-05,2017-04-12,2017-04-18
348266adcdc4,2017-04-01,2017-04-12,2017-04-18
919f3a3b9dac,2017-03-17,2017-04-12,2017-04-16
a09fff087cb6,2017-03-16,2017-04-12,2017-04-15
9d1a68dfed6f,2017-03-20,2017-04-12,2017-04-18
ae4a958002ab,2017-03-14,2017-04-12,2017-04-13
9880d203b724,2017-04-13,2017-04-13,2017-04-18
a96f0816be33,2017-04-04,2017-04-12,2017-04-18
e74ae24f78b6,2017-04-10,2017-04-12,2017-04-18
d2b1e84fda50,2017-04-13,2017-04-13,2017-04-18
4d3006bc6f17,2017-03-20,2017-04-12,2017-04-18
bc98d3091335,2017-03-22,2017-04-12,2017-04-18
4221f9bd0ff0,2017-04-08,2017-04-12,2017-04-18
90766c83a8c8,2017-03-23,2017-04-12,2017-04-18
f7729c88a67c,2017-04-17,2017-04-17,2017-04-18
226e13153474,2017-04-10,2017-04-12,2017-04-18
b818594d4f12,2017-04-01,2017-04-12,2017-04-18
f645ffd3dfd7,2017-04-18,2017-04-18,2017-04-18
323c8eeef421,2017-04-12,2017-04-12,2017-04-18
dc3fc1e96a72,2017-03-14,2017-04-12,2017-04-12
233ee82cb26a,2017-03-31,2017-04-12,2017-04-18
1e4aea9ed43c,2017-04-02,2017-04-12,2017-04-18
ae441810bbdc,2017-04-01,2017-04-12,2017-04-18
8cb4aebfc482,2017-04-12,2017-04-12,2017-04-18
c831f2e7e1cf,2017-03-24,2017-04-12,2017-04-18
dda53a6e48f6,2017-04-01,2017-04-12,2017-04-18
b3e501331a4e,2017-03-15,2017-04-12,2017-04-14
ad1bb2f938ee,2017-03-20,2017-04-12,2017-04-18
a1f7752899ee,2017-03-14,2017-04-12,2017-04-13
ae300f84d9d4,2017-03-20,2017-04-12,2017-04-18
23939d3cd35a,2017-03-17,2017-04-12,2017-04-16
fe71b9043761,2017-04-01,2017-04-12,2017-04-18
a6bc6ffb0844,2017-04-09,2017-04-12,2017-04-18
bab6458172d4,2017-03-27,2017-04-12,2017-04-18
6bb3e5c51f4d,2017-03-24,2017-04-12,2017-04-18
dc8e2124771e,2017-03-22,2017-04-12,2017-04-18
c900acbfcfad,2017-04-07,2017-04-12,2017-04-18
b70c0bcde698,2017-03-23,2017-04-12,2017-04-18
11e71dbac6c9,2017-03-15,2017-04-12,2017-04-14
6edd1ce01b9b,2017-04-14,2017-04-14,2017-04-18
715bc7d2fed2,2017-03-22,2017-04-12,2017-04-18
89e7af66a746,2017-03-27,2017-04-12,2017-04-18
5759b909f3c4,2017-04-16,2017-04-16,2017-04-18
a655524f75ca,2017-03-17,2017-04-12,2017-04-16
827a8862c9e8,2017-04-17,2017-04-17,2017-04-18
acf7512dd3db,2017-04-10,2017-04-12,2017-04-18
7a713ad8bddd,2017-03-30,2017-04-12,2017-04-18
7075aea1897b,2017-03-14,2017-04-12,2017-04-13
6f122d4c8fcb,2017-03-31,2017-04-12,2017-04-18
5e37873d6e73,2017-03-30,2017-04-12,2017-04-18
2bf07fa4cbd2,2017-04-07,2017-04-12,2017-04-18
33dc7695ae68,2017-04-16,2017-04-16,2017-04-18
4d8bbc7ff56a,2017-04-04,2017-04-12,2017-04-18
d6bf187c13bd,2017-04-08,2017-04-12,2017-04-18
2afe6ef437bc,2017-03-30,2017-04-12,2017-04-18
106f8b301e5d,2017-03-28,2017-04-12,2017-04-18
673541776d0b,2017-03-19,2017-04-12,2017-04-18
94c243a95f5b,2017-04-16,2017-04-16,2017-04-18
c74226dd3aba,2017-04-14,2017-04-14,2017-04-18
76a384d17e1d,2017-04-03,2017-04-12,2017-04-18
4dab59b8f48e,2017-03-29,2017-04-12,2017-04-18
6dc58561b5fd,2017-03-14,2017-04-12,2017-04-13
9001a84b6428,2017-04-03,2017-04-12,2017-04-18
98170acd7ed9,2017-04-11,2017-04-12,2017-04-18
9010616c24f5,2017-04-09,2017-04-12,2017-04-18
cb5e54ff3147,2017-03-14,2017-04-12,2017-04-13
bd0f757e29f2,2017-03-24,2017-04-12,2017-04-18
a2ffb1599e30,2017-04-09,2017-04-12,2017-04-18
085b5ee2f40d,2017-04-01,2017-04-12,2017-04-18
b1c59a0d5c92,2017-04-01,2017-04-12,2017-04-18
848a4dce6186,2017-03-28,2017-04-12,2017-04-18
6a64642c6a0d,2017-03-23,2017-04-12,2017-04-18
c770406fc439,2017-04-03,2017-04-12,2017-04-18
a47ad02e4e0f,2017-03-15,2017-04-12,2017-04-14
a7ec5508fc23,2017-03-27,2017-04-12,2017-04-18
8e2e089b91fa,2017-03-14,2017-04-12,2017-04-13
ac7176649095,2017-03-23,2017-04-12,2017-04-18
a3024ed793db,2017-03-25,2017-04-12,2017-04-18
1ab427bb1c51,2017-03-28,2017-04-12,2017-04-18
db79e29c42b4,2017-04-04,2017-04-12,2017-04-18
c4271a080524,2017-04-11,2017-04-12,2017-04-18
ff682bfc7c5b,2017-04-14,2017-04-14,2017-04-18
b47f69f6ac87,2017-03-31,2017-04-12,2017-04-18
8ceed557f20a,2017-04-07,2017-04-12,2017-04-18
eb5f729a844a,2017-04-05,2017-04-12,2017-04-18
5baa46303897,2017-03-20,2017-04-12,2017-04-18
8759eead505c,2017-03-25,2017-04-12,2017-04-18
202ff9f40432,2017-04-13,2017-04-13,2017-04-18
50923201bec6,2017-04-09,2017-04-12,2017-04-18
6465685fb92a,2017-03-17,2017-04-12,2017-04-15
60723f31cebf,2017-03-23,2017-04-12,2017-04-18
2b791425fe21,2017-04-14,2017-04-14,2017-04-18
8c348220a937,2017-04-05,2017-04-12,2017-04-18
f8c5955798ce,2017-03-22,2017-04-12,2017-04-18
051f27625785,2017-03-24,2017-04-12,2017-04-18
acc6f28d803b,2017-04-03,2017-04-12,2017-04-18
c46287d4a7d6,2017-03-25,2017-04-12,2017-04-18
6a0b7edbc4cc,2017-03-21,2017-04-12,2017-04-18
67948e8c1d88,2017-03-30,2017-04-12,2017-04-18
d562be55878c,2017-04-08,2017-04-12,2017-04-18
e4c313babd74,2017-04-05,2017-04-12,2017-04-18
b349fff2c44f,2017-04-05,2017-04-12,2017-04-18
b75063fd5128,2017-04-03,2017-04-12,2017-04-18
d78e0bb58516,2017-03-24,2017-04-12,2017-04-18
5afbd0e18ba1,2017-03-20,2017-04-12,2017-04-18
8bfb07a0313a,2017-03-21,2017-04-12,2017-04-18
d437396844b7,2017-04-12,2017-04-12,2017-04-18
122849c3a1dd,2017-03-26,2017-04-12,2017-04-18
aff43faef470,2017-04-12,2017-04-12,2017-04-18
8725b921c6fd,2017-04-15,2017-04-15,2017-04-18
e0981d2e2536,2017-04-11,2017-04-12,2017-04-18
f235d78b7d55,2017-04-04,2017-04-12,2017-04-18
2ae0b8789b22,2017-04-07,2017-04-12,2017-04-18
4d521c69f3d5,2017-04-12,2017-04-12,2017-04-18
b8eebac27243,2017-04-11,2017-04-12,2017-04-18
2a615da5ca41,2017-03-17,2017-04-12,2017-04-16
6ac11c147118,2017-04-03,2017-04-12,2017-04-18
85ec02fc8343,2017-03-20,2017-04-12,2017-04-18
f1009a50b701,2017-03-16,2017-04-12,2017-04-15
b021e7c0d948,2017-04-07,2017-04-12,2017-04-18
c832c6136f95,2017-04-13,2017-04-13,2017-04-18
2ea5bab406f4,2017-03-28,2017-04-12,2017-04-18
bff33468425a,2017-03-27,2017-04-12,2017-04-18
318260472f40,2017-03-23,2017-04-12,2017-04-18
04e09de9e2fa,2017-03-25,2017-04-12,2017-04-18
b598477f2ad4,2017-04-12,2017-04-12,2017-04-18
3c1deba1b037,2017-03-15,2017-04-12,2017-04-13
d1e202e50f2e,2017-03-14,2017-04-12,2017-04-13
d5e6e527b8bf,2017-04-04,2017-04-12,2017-04-18
c39dd342c2b9,2017-04-14,2017-04-14,2017-04-18
83fdb7165569,2017-04-14,2017-04-14,2017-04-18
31adfbceb617,2017-04-09,2017-04-12,2017-04-18
4375c238c081,2017-03-22,2017-04-12,2017-04-18
e1b53c239c33,2017-03-29,2017-04-12,2017-04-18
f79ff514914d,2017-04-17,2017-04-17,2017-04-18
e2569bf8d966,2017-03-25,2017-04-12,2017-04-18
ae2022b51bef,2017-03-23,2017-04-12,2017-04-18
45ce4b41defa,2017-03-29,2017-04-12,2017-04-18
a1e7b3e8f92e,2017-04-07,2017-04-12,2017-04-18
564b9bf18d01,2017-04-15,2017-04-15,2017-04-18
46e6d7ddb11f,2017-04-10,2017-04-12,2017-04-18
ae4322957e2f,2017-03-21,2017-04-12,2017-04-18
0e16c7ce08ee,2017-04-08,2017-04-12,2017-04-18
07f7e8fe351f,2017-03-14,2017-04-12,2017-04-13
f5ac8c2668d4,2017-03-25,2017-04-12,2017-04-18
0a959180c440,2017-04-07,2017-04-12,2017-04-18
605b9c1d1cac,2017-03-22,2017-04-12,2017-04-18
717f63f6cc19,2017-04-01,2017-04-12,2017-04-18
dffb95bb8d48,2017-03-24,2017-04-12,2017-04-18
283cb136ca0f,2017-03-16,2017-04-12,2017-04-14
560a0482d27a,2017-03-22,2017-04-12,2017-04-18
9e3a047d867d,2017-04-10,2017-04-12,2017-04-18
2b142d7b7bba,2017-03-27,2017-04-12,2017-04-18
cd48d236cf7d,2017-03-29,2017-04-12,2017-04-18
216b69be52ae,2017-03-29,2017-04-12,2017-04-18
43389daad4ef,2017-04-13,2017-04-13,2017-04-17
ad7f75c300c6,2017-04-02,2017-04-12,2017-04-18
902855f5e5bd,2017-03-27,2017-04-12,2017-04-18
893e0f3caba5,2017-04-16,2017-04-16,2017-04-18
eeb9fadb5df7,2017-04-16,2017-04-16,2017-04-18
d0b262147a16,2017-03-19,2017-04-12,2017-04-18
d3fa7b36c457,2017-03-27,2017-04-12,2017-04-18
e2e18e79450a,2017-04-13,2017-04-13,2017-04-18
095af27f931b,2017-04-05,2017-04-12,2017-04-18
ada90a31dc90,2017-03-24,2017-04-12,2017-04-18
a5806cfa2931,2017-03-17,2017-04-12,2017-04-15
d6e2da7471b0,2017-03-26,2017-04-12,2017-04-18
bc5aff56c357,2017-03-25,2017-04-12,2017-04-18
608a90c6b0ff,2017-03-26,2017-04-12,2017-04-18
03dfe531e757,2017-04-05,2017-04-12,2017-04-18
4a5fa1170be8,2017-03-29,2017-04-12,2017-04-18
82df5672ce4c,2017-04-05,2017-04-12,2017-04-18
0e64336095ce,2017-03-27,2017-04-12,2017-04-18
f04ca492af9d,2017-03-31,2017-04-12,2017-04-18
b880a9d1dc10,2017-03-25,2017-04-12,2017-04-18
650f6c397d4d,2017-03-14,2017-04-12,2017-04-13
559a3df57137,2017-04-11,2017-04-12,2017-04-18
916f89bf1839,2017-03-20,2017-04-12,2017-04-18
a5832c883443,2017-03-30,2017-04-12,2017-04-18
5923d131e72c,2017-04-12,2017-04-12,2017-04-18
6e0cb02e18af,2017-03-28,2017-04-12,2017-04-18
942b67716bf3,2017-04-16,2017-04-16,2017-04-18
01905ed99767,2017-03-15,2017-04-12,2017-04-13
dbfaf736e249,2017-04-17,2017-04-17,2017-04-18
9a9426d6230e,2017-03-16,2017-04-12,2017-04-15
6d1c83fff6c2,2017-04-13,2017-04-13,2017-04-18
f78196ecece0,2017-03-28,2017-04-12,2017-04-18
7a528b2385c0,2017-04-12,2017-04-12,2017-04-18
abb82d722310,2017-04-15,2017-04-15,2017-04-18
893658fea782,2017-04-14,2017-04-14,2017-04-18
2ab50152b5a3,2017-04-07,2017-04-12,2017-04-18
7858bec04b9a,2017-04-05,2017-04-12,2017-04-18
525d69affecc,2017-04-08,2017-04-12,2017-04-18
3416b2fc9405,2017-03-19,2017-04-12,2017-04-17
4ab9fd065049,2017-03-27,2017-04-12,2017-04-18
edb2a7274e1f,2017-03-21,2017-04-12,2017-04-18
d8c4451bcf7f,2017-04-04,2017-04-12,2017-04-18
8ba3f2234498,2017-04-02,2017-04-12,2017-04-18
96983d120859,2017-04-03,2017-04-12,2017-04-18
ae27c575f299,2017-03-20,2017-04-12,2017-04-18
eec9ebca14ba,2017-04-01,2017-04-12,2017-04-18
94b406687bd4,2017-03-31,2017-04-12,2017-04-18
c9a2f4661ede,2017-04-12,2017-04-12,2017-04-18
f5006c974813,2017-04-06,2017-04-12,2017-04-18
a1a2054af74d,2017-03-29,2017-04-12,2017-04-18
48538f119fa7,2017-03-28,2017-04-12,2017-04-18
7dcbbb938d27,2017-04-03,2017-04-12,2017-04-18
2a2c0cda1248,2017-03-20,2017-04-12,2017-04-18
ed25e726937e,2017-04-05,2017-04-12,2017-04-18
3f25f78dd659,2017-03-18,2017-04-12,2017-04-17
23b119a2bfb6,2017-03-26,2017-04-12,2017-04-18
78ca4112e509,2017-03-22,2017-04-12,2017-04-18
3ce71a76428d,2017-03-22,2017-04-12,2017-04-18
79e6113f2a0b,2017-03-26,2017-04-12,2017-04-18
562c0bbf9519,2017-04-10,2017-04-12,2017-04-18
02b54b017165,2017-03-17,2017-04-12,2017-04-16
d5814026f3b4,2017-04-09,2017-04-12,2017-04-18
68e8a0709179,2017-03-31,2017-04-12,2017-04-14
4569578d50b7,2017-03-26,2017-04-12,2017-04-18
cf0753f433af,2017-04-11,2017-04-12,2017-04-18
6103a390d5d6,2017-04-03,2017-04-12,2017-04-18
3ed15a82761a,2017-03-20,2017-04-12,2017-04-18
090b8c5d5cb1,2017-04-17,2017-04-17,2017-04-18
b28afa82f83d,2017-03-28,2017-04-12,2017-04-18
5f878e32249d,2017-04-15,2017-04-15,2017-04-18
27f049133357,2017-03-17,2017-04-12,2017-04-15
3f7332038bbc,2017-03-18,2017-04-12,2017-04-17
c7ab3ce97c32,2017-03-20,2017-04-12,2017-04-18
2f26db7a96e8,2017-04-03,2017-04-12,2017-04-18
cf74331e1d82,2017-03-19,2017-04-12,2017-04-18
c87816f2e0b8,2017-03-20,2017-04-12,2017-04-18
fef3cf7e2e56,2017-04-06,2017-04-12,2017-04-18
e2efacb1db5c,2017-03-31,2017-04-12,2017-04-18
0051ed84812d,2017-03-30,2017-04-12,2017-04-18
e355aa5cca15,2017-03-29,2017-04-12,2017-04-14
3bef9d430825,2017-03-21,2017-04-12,2017-04-18
31f1cb87119b,2017-04-12,2017-04-12,2017-04-18
16e28063fd9d,2017-03-27,2017-04-12,2017-04-18
305a7ac59e21,2017-03-30,2017-04-12,2017-04-18
5282bed2d1fe,2017-03-24,2017-04-12,2017-04-18
c9bf995a5787,2017-04-01,2017-04-12,2017-04-18
e2fd551a9b42,2017-04-04,2017-04-12,2017-04-18
d4cdd8aa9aa2,2017-04-09,2017-04-12,2017-04-18
abd6b8719b55,2017-04-03,2017-04-12,2017-04-18
4f424b74b3b0,2017-03-13,2017-04-12,2017-04-12
8fb550a98f9a,2017-03-18,2017-04-12,2017-04-17
9c11db25ca9f,2017-03-27,2017-04-12,2017-04-18
0ffb72c8733d,2017-03-16,2017-04-12,2017-04-15
3ca0bf1f1173,2017-04-06,2017-04-12,2017-04-18
5c1636f21463,2017-03-31,2017-04-12,2017-04-18
75d79fb0d912,2017-04-07,2017-04-12,2017-04-15
5a5f61b87b64,2017-03-27,2017-04-12,2017-04-18
76c2c736b6de,2017-03-29,2017-04-12,2017-04-18
9dfd6c410d46,2017-04-11,2017-04-12,2017-04-18
091efe242a86,2017-04-05,2017-04-12,2017-04-18
36eceb6bc54b,2017-04-06,2017-04-12,2017-04-18
889531cd1e1f,2017-04-12,2017-04-12,2017-04-18
365dd0f6ab80,2017-04-08,2017-04-12,2017-04-18
14181e437919,2017-03-28,2017-04-12,2017-04-18
c0f26f5e8948,2017-04-10,2017-04-12,2017-04-18
1e2039d6c481,2017-04-12,2017-04-12,2017-04-18
46307eb10bcb,2017-03-18,2017-04-12,2017-04-17
0583c9ecd6c4,2017-03-29,2017-04-12,2017-04-18
82c833b74938,2017-03-21,2017-04-12,2017-04-18
9ad5072df193,2017-03-16,2017-04-12,2017-04-14
281908316982,2017-04-10,2017-04-12,2017-04-18
40c735008d5b,2017-03-19,2017-04-12,2017-04-18
81660618e3f7,2017-04-05,2017-04-12,2017-04-18
e77d98166801,2017-03-24,2017-04-12,2017-04-18
c8ebab4272ce,2017-03-23,2017-04-12,2017-04-18
841af7d34bbd,2017-04-14,2017-04-14,2017-04-18
7fa2aa9b96ae,2017-03-14,2017-04-12,2017-04-13
aee0d456a5c8,2017-03-16,2017-04-12,2017-04-15
3ed953f5912b,2017-04-07,2017-04-12,2017-04-18
f58f062796c0,2017-03-28,2017-04-12,2017-04-18
b7ae2b833e20,2017-03-26,2017-04-12,2017-04-18
9e38376e61c0,2017-04-04,2017-04-12,2017-04-18
3ac493c10662,2017-04-07,2017-04-12,2017-04-18
1e133062bb4e,2017-04-01,2017-04-12,2017-04-18
c80df3c47a69,2017-03-19,2017-04-12,2017-04-18
4759c91c3817,2017-03-26,2017-04-12,2017-04-18
90781057d7f0,2017-04-12,2017-04-12,2017-04-18
100670f251b1,2017-04-04,2017-04-12,2017-04-18
a63d6c848c74,2017-04-05,2017-04-12,2017-04-18
1a0b5b4b8e09,2017-04-06,2017-04-12,2017-04-18
7f13d983d664,2017-04-03,2017-04-12,2017-04-18
cca224feb770,2017-04-10,2017-04-12,2017-04-18
6a2cae326e2a,2017-04-17,2017-04-17,2017-04-18
3f4d546df7c6,2017-03-19,2017-04-12,2017-04-18
2c679a72cccf,2017-04-15,2017-04-15,2017-04-18
eb86587bd042,2017-04-04,2017-04-12,2017-04-18
949de9648401,2017-04-13,2017-04-13,2017-04-18
d443040fc963,2017-04-09,2017-04-12,2017-04-18
0e3d0daece00,2017-04-08,2017-04-12,2017-04-18
14961426fc4c,2017-04-08,2017-04-12,2017-04-18
a6fa67359511,2017-04-11,2017-04-12,2017-04-18
484e518b051a,2017-04-14,2017-04-14,2017-04-18
7bd19041b311,2017-03-14,2017-04-12,2017-04-13
e913a3df4dc1,2017-04-15,2017-04-15,2017-04-18
a352ba0334d1,2017-04-06,2017-04-12,2017-04-18
f4d1ddd7caa2,2017-03-22,2017-04-12,2017-04-18
b15483308c94,2017-03-28,2017-04-12,2017-04-18
be45df79fbbe,2017-04-03,2017-04-12,2017-04-18
5b25a88e4bbd,2017-04-11,2017-04-12,2017-04-14
fce639b069cc,2017-03-14,2017-04-12,2017-04-13
d08925a5aeb6,2017-04-06,2017-04-12,2017-04-18
327a33eceb80,2017-04-10,2017-04-12,2017-04-18
8f3556b199fb,2017-04-09,2017-04-12,2017-04-18
87cf406ad6f6,2017-03-26,2017-04-12,2017-04-18
c3595353cd4b,2017-04-15,2017-04-15,2017-04-18
2d8873f55012,2017-04-02,2017-04-12,2017-04-18
8163964c78c5,2017-04-09,2017-04-12,2017-04-18
0dde971b3c59,2017-03-26,2017-04-12,2017-04-18
ac66af09b535,2017-04-05,2017-04-12,2017-04-18
a48757234413,2017-03-14,2017-04-12,2017-04-12
746b4a054140,2017-04-04,2017-04-12,2017-04-18
a9e9d4453db3,2017-04-03,2017-04-12,2017-04-18
ba36fc4b88c6,2017-04-09,2017-04-12,2017-04-18
8b0f351812b2,2017-03-27,2017-04-12,2017-04-18
9c7099f45c03,2017-04-11,2017-04-12,2017-04-18
944a9911facf,2017-03-29,2017-04-12,2017-04-18
31601264d974,2017-04-12,2017-04-12,2017-04-18
ec2135aee0fd,2017-04-09,2017-04-12,2017-04-18
e680e0bd77f3,2017-04-15,2017-04-15,2017-04-18
f80c0758c77b,2017-03-19,2017-04-12,2017-04-18
e62b4cc2aea1,2017-03-31,2017-04-12,2017-04-18
c570d8c248eb,2017-04-02,2017-04-12,2017-04-18
4fd88562626f,2017-03-31,2017-04-12,2017-04-18
783d7d1ce369,2017-04-01,2017-04-12,2017-04-18
5defb48736da,2017-04-16,2017-04-16,2017-04-18
8833c1aac589,2017-03-21,2017-04-12,2017-04-18
ead60438bef9,2017-04-10,2017-04-12,2017-04-18
d11b522206ab,2017-03-30,2017-04-12,2017-04-18
c275ab6791c0,2017-03-14,2017-04-12,2017-04-13
377f8cb5a9f5,2017-04-15,2017-04-15,2017-04-18
de580d930289,2017-04-12,2017-04-12,2017-04-16
b71292959d5d,2017-03-24,2017-04-12,2017-04-18
5e04cb1e4359,2017-04-17,2017-04-17,2017-04-18
4d35f40a3dc9,2017-04-17,2017-04-17,2017-04-18
80330e7552a3,2017-04-10,2017-04-12,2017-04-18
fd3723c3e261,2017-04-17,2017-04-17,2017-04-18
06e5a5a14661,2017-03-29,2017-04-12,2017-04-18
4047760f5160,2017-04-06,2017-04-12,2017-04-18
55da38f45de1,2017-04-05,2017-04-12,2017-04-18
22b1728afe1a,2017-04-04,2017-04-12,2017-04-18
87fa601b5c3b,2017-04-14,2017-04-14,2017-04-18
96d99abe1eeb,2017-03-31,2017-04-12,2017-04-18
0a6320af1772,2017-03-27,2017-04-12,2017-04-18
d8cd2da973e6,2017-03-19,2017-04-12,2017-04-17
3117591d9eef,2017-04-06,2017-04-12,2017-04-18
35c5d1965227,2017-04-06,2017-04-12,2017-04-18
004513861859,2017-03-27,2017-04-12,2017-04-18
874889404aae,2017-03-17,2017-04-12,2017-04-15
cdd83764a560,2017-04-04,2017-04-12,2017-04-18
12a7b1bd1363,2017-04-17,2017-04-17,2017-04-18
1aa1a73d3b7a,2017-04-10,2017-04-12,2017-04-18
8504d2eeea9c,2017-04-04,2017-04-12,2017-04-18
cfcc2bc8f118,2017-04-03,2017-04-12,2017-04-18
8ea389df109e,2017-04-07,2017-04-12,2017-04-18
bc83b426b737,2017-04-17,2017-04-17,2017-04-18
c4131dc56d01,2017-04-07,2017-04-12,2017-04-18
67f409a9bdb8,2017-03-26,2017-04-12,2017-04-18
ff6a5b513648,2017-03-15,2017-04-12,2017-04-14
5eead4de8115,2017-03-28,2017-04-12,2017-04-18
4c0a678d157e,2017-03-16,2017-04-12,2017-04-14
35548d0907c5,2017-04-05,2017-04-12,2017-04-18
c195af8194d2,2017-03-15,2017-04-12,2017-04-14
dbeb9f87a972,2017-03-20,2017-04-12,2017-04-18
9cd30202ef01,2017-03-16,2017-04-12,2017-04-15
c53877a98745,2017-03-15,2017-04-12,2017-04-14
cc47adaace6a,2017-04-06,2017-04-12,2017-04-18
d77a20d1e995,2017-03-31,2017-04-12,2017-04-18
537468021029,2017-03-16,2017-04-12,2017-04-15
cf1d1d2e9d16,2017-04-15,2017-04-15,2017-04-18
b36a4e49f7e3,2017-04-17,2017-04-17,2017-04-18
4b1a24d62350,2017-03-31,2017-04-12,2017-04-18
9d6a64f6dcb3,2017-04-17,2017-04-17,2017-04-18
3a9358ddaec7,2017-03-14,2017-04-12,2017-04-12
db59fa9fa36b,2017-04-17,2017-04-17,2017-04-18
1ffb00779e73,2017-04-05,2017-04-12,2017-04-18
ee892db6426b,2017-04-07,2017-04-12,2017-04-18
8b41009eda9d,2017-03-14,2017-04-12,2017-04-13
86d7fa53a2ac,2017-03-30,2017-04-12,2017-04-18
b56004ccc8cf,2017-03-21,2017-04-12,2017-04-18
12f47f3f7c3d,2017-03-29,2017-04-12,2017-04-18
bd34ca8b2d8a,2017-04-10,2017-04-12,2017-04-18
ac5a7a1a57fb,2017-04-04,2017-04-12,2017-04-18
c183a52c60d7,2017-04-07,2017-04-12,2017-04-18
7c3c73dc40d1,2017-04-07,2017-04-12,2017-04-18
e86c6f066e7e,2017-04-01,2017-04-12,2017-04-18
8b1554af2142,2017-03-31,2017-04-12,2017-04-18
a8c12cb20851,2017-03-14,2017-04-12,2017-04-13
130e26245c83,2017-04-08,2017-04-12,2017-04-18
5ae8a15da25a,2017-03-23,2017-04-12,2017-04-18
aec93d94f26f,2017-04-10,2017-04-12,2017-04-18
036177779b78,2017-03-19,2017-04-12,2017-04-18
df21707d560d,2017-03-21,2017-04-12,2017-04-18
abd91318cf4f,2017-04-15,2017-04-15,2017-04-18
dafddd3e115e,2017-03-14,2017-04-12,2017-04-12
49a78d18dc83,2017-03-28,2017-04-12,2017-04-18
0dec1b196591,2017-03-14,2017-04-12,2017-04-12
e513361ab4e2,2017-03-20,2017-04-12,2017-04-18
6f355ad955a5,2017-03-31,2017-04-12,2017-04-18
b054d8da208d,2017-03-21,2017-04-12,2017-04-18
d1f1854516c8,2017-03-22,2017-04-12,2017-04-18
1c071245193b,2017-04-07,2017-04-12,2017-04-18
932a1b558e84,2017-04-09,2017-04-12,2017-04-18
132e1c2d58f0,2017-03-22,2017-04-12,2017-04-18
0b2b34c03198,2017-03-25,2017-04-12,2017-04-18
07401579c6b9,2017-03-27,2017-04-12,2017-04-18
e4871b85d657,2017-04-12,2017-04-13,2017-04-18
630dcc587600,2017-03-22,2017-04-12,2017-04-18
21efba77b922,2017-04-06,2017-04-12,2017-04-18
b636ea0b9ef4,2017-03-30,2017-04-12,2017-04-18
39df3367eae0,2017-03-14,2017-04-12,2017-04-13
88b7f2a3090d,2017-04-07,2017-04-12,2017-04-18
2ced3b43e1e4,2017-04-15,2017-04-15,2017-04-18
910948b2baa2,2017-03-21,2017-04-12,2017-04-18
f84ec800afff,2017-04-13,2017-04-13,2017-04-18
92896db4c442,2017-03-13,2017-04-12,2017-04-12
13601e53f536,2017-03-26,2017-04-12,2017-04-18
f8dff4486cf3,2017-03-16,2017-04-12,2017-04-15
b0d6caa383d6,2017-03-19,2017-04-12,2017-04-18
bc3f7eae4532,2017-04-14,2017-04-14,2017-04-18
1bac1d626186,2017-04-16,2017-04-16,2017-04-18
010fe4513e43,2017-03-27,2017-04-12,2017-04-18
2c41697163c3,2017-03-22,2017-04-12,2017-04-18
430519673b7a,2017-04-02,2017-04-12,2017-04-18
2ae502f09ded,2017-04-05,2017-04-12,2017-04-18
30aa9efebbe4,2017-03-30,2017-04-12,2017-04-18
f5a4298b1386,2017-03-29,2017-04-12,2017-04-18
a861c7a16425,2017-04-04,2017-04-12,2017-04-18
221c4f517c90,2017-04-11,2017-04-12,2017-04-18
22de67b8eb34,2017-03-15,2017-04-12,2017-04-14
3d04b149a102,2017-03-19,2017-04-12,2017-04-18
654a5424927c,2017-04-13,2017-04-13,2017-04-18
14d055a6efcb,2017-04-11,2017-04-12,2017-04-18
2e7cd3c1f3e8,2017-04-16,2017-04-16,2017-04-18
7d9817450227,2017-04-16,2017-04-16,2017-04-18
5fa1427cdc83,2017-03-18,2017-04-12,2017-04-17
e96a2ddedf44,2017-04-17,2017-04-17,2017-04-18
80b07ec3c4a0,2017-03-14,2017-04-12,2017-04-12
e8a46504be07,2017-03-22,2017-04-12,2017-04-18
7b5afd0e7591,2017-04-09,2017-04-12,2017-04-18
847a8f64f136,2017-04-04,2017-04-12,2017-04-18
3a506e35ce49,2017-04-16,2017-04-16,2017-04-18
f4ece52883d4,2017-03-25,2017-04-12,2017-04-18
0a11605ceec8,2017-04-16,2017-04-16,2017-04-18
142d42165141,2017-04-02,2017-04-12,2017-04-18
2dbc2e59eb08,2017-04-17,2017-04-17,2017-04-18
1b943db38875,2017-04-09,2017-04-12,2017-04-18
8272be00c807,2017-03-17,2017-04-12,2017-04-16
9ad2aa0e99c1,2017-04-04,2017-04-12,2017-04-17
31fb296de5a5,2017-04-07,2017-04-12,2017-04-18
2f93e798c3cd,2017-03-27,2017-04-12,2017-04-18
c5ca85bcae6d,2017-03-16,2017-04-12,2017-04-15
e697d22976bd,2017-03-21,2017-04-12,2017-04-18
20cfd5e8c42f,2017-04-11,2017-04-12,2017-04-18
5f7ff8b562b3,2017-03-01,2017-04-12,2017-04-18
29e83c672c58,2017-04-05,2017-04-12,2017-04-18
c22c008b39d3,2017-03-22,2017-04-12,2017-04-18
e3e5e025b984,2017-03-20,2017-04-12,2017-04-18
f2bd5affdf7e,2017-04-13,2017-04-13,2017-04-18
b4750d56229b,2017-04-11,2017-04-12,2017-04-18
1532b790f5e6,2017-04-14,2017-04-14,2017-04-18
8bb8f36b8225,2017-04-06,2017-04-12,2017-04-18
9b3d194cee14,2017-04-11,2017-04-12,2017-04-18
bf8680fdc018,2017-04-10,2017-04-12,2017-04-18
03b462ce2937,2017-04-16,2017-04-16,2017-04-18
63198977a074,2017-03-31,2017-04-12,2017-04-18
026c4ca9fd5b,2017-04-17,2017-04-17,2017-04-18
2328cb975c5e,2017-04-10,2017-04-12,2017-04-18
9cbc81fdbd0f,2017-04-17,2017-04-17,2017-04-18
114ea697f807,2017-04-03,2017-04-12,2017-04-18
0b886b5e9afc,2017-04-07,2017-04-12,2017-04-18
0d8fb06a5c06,2017-04-07,2017-04-12,2017-04-18
ad969ed3220b,2017-03-30,2017-04-12,2017-04-18
4647d207bdf9,2017-03-29,2017-04-12,2017-04-18
0d58782127fa,2017-03-27,2017-04-12,2017-04-18
c6996bc54c85,2017-04-07,2017-04-12,2017-04-18
952e0818aac0,2017-03-28,2017-04-12,2017-04-18
b6e63a9adf84,2017-04-09,2017-04-12,2017-04-18
1d6b027a7ec6,2017-03-22,2017-04-12,2017-04-18
e8f3b98f4cbd,2017-04-02,2017-04-12,2017-04-18
79ad97dabff3,2017-04-11,2017-04-12,2017-04-18
8addc55ce35d,2017-04-08,2017-04-12,2017-04-18
fe98c87df0e2,2017-04-17,2017-04-17,2017-04-18
1731d00af7ae,2017-04-10,2017-04-12,2017-04-18
a39f7869f524,2017-03-24,2017-04-12,2017-04-18
de7171c73513,2017-04-08,2017-04-12,2017-04-18
19b4ff076968,2017-03-21,2017-04-12,2017-04-18
8fae703e6ddf,2017-04-10,2017-04-12,2017-04-18
79af316f503c,2017-03-19,2017-04-12,2017-04-18
fcae8eee55cb,2017-04-18,2017-04-18,2017-04-18
a150d2cd8982,2017-04-01,2017-04-12,2017-04-18
be75767cb93c,2017-04-09,2017-04-12,2017-04-18
d7f2e4a50afd,2017-04-18,2017-04-18,2017-04-18
fea5542a3273,2017-03-27,2017-04-12,2017-04-18
af05aa02fa8c,2017-03-29,2017-04-12,2017-04-18
40b0ffcbca17,2017-03-14,2017-04-12,2017-04-12
d62862dea89c,2017-03-28,2017-04-12,2017-04-18
5d18136ba9b6,2017-03-29,2017-04-12,2017-04-18
c78957ac1616,2017-03-13,2017-04-12,2017-04-12
3501901dc63c,2017-03-18,2017-04-12,2017-04-17
a16936b75048,2017-03-15,2017-04-12,2017-04-14
4890add499e1,2017-04-06,2017-04-12,2017-04-18
d14c3f5b4288,2017-03-17,2017-04-12,2017-04-16
53b8970ac261,2017-03-30,2017-04-12,2017-04-18
677c51d60905,2017-03-24,2017-04-12,2017-04-18
0cfafc44b9aa,2017-04-11,2017-04-12,2017-04-18
5555eb04b534,2017-04-03,2017-04-12,2017-04-18
50896dd6030e,2017-04-04,2017-04-12,2017-04-18
5e57405436da,2017-04-06,2017-04-12,2017-04-18
4ebaba7bc7e9,2017-04-03,2017-04-12,2017-04-18
0e339e29b3eb,2017-03-31,2017-04-12,2017-04-18
be40044c9f78,2017-04-13,2017-04-13,2017-04-18
b02e4be1864d,2017-03-28,2017-04-12,2017-04-18
bc894b998f89,2017-03-14,2017-04-12,2017-04-13
1c673653425d,2017-04-08,2017-04-12,2017-04-18
3eeebe051354,2017-04-04,2017-04-12,2017-04-18
fe6ff584e97b,2017-04-05,2017-04-12,2017-04-18
95305ee52642,2017-03-27,2017-04-12,2017-04-18
c4af34046935,2017-04-11,2017-04-12,2017-04-18
ea47518978e5,2017-04-05,2017-04-12,2017-04-18
c790da2bf261,2017-03-18,2017-04-12,2017-04-17
8211f756df90,2017-04-12,2017-04-12,2017-04-18
a2b5a37f0dcf,2017-04-16,2017-04-16,2017-04-18
c59b1237b21f,2017-04-09,2017-04-12,2017-04-18
18c19d243b38,2017-03-19,2017-04-12,2017-04-18
ead276b65c49,2017-03-24,2017-04-12,2017-04-18
79e51b5544a1,2017-03-31,2017-04-12,2017-04-18
45363adfffdd,2017-04-04,2017-04-12,2017-04-18
91612ea8a925,2017-03-17,2017-04-12,2017-04-16
a10bfb7a2145,2017-03-20,2017-04-12,2017-04-18
ab4a7e968439,2017-04-17,2017-04-17,2017-04-18
2dcfbfeaf91b,2017-03-22,2017-04-12,2017-04-18
77be28527a0a,2017-04-12,2017-04-12,2017-04-18
297a31c0fb43,2017-04-02,2017-04-12,2017-04-18
ae6caaadd868,2017-04-17,2017-04-17,2017-04-18
5bfc8e70504d,2017-04-16,2017-04-16,2017-04-18
5245ea22fe82,2017-04-06,2017-04-12,2017-04-18
c264161ef415,2017-03-29,2017-04-12,2017-04-18
f032f4fee226,2017-03-28,2017-04-12,2017-04-18
e2987ddf8d2c,2017-04-01,2017-04-12,2017-04-18
99e52225471d,2017-03-17,2017-04-12,2017-04-16
92bbf4f21a57,2017-03-21,2017-04-12,2017-04-18
83f2e68ae89c,2017-04-05,2017-04-12,2017-04-18
5e64d5eb9d60,2017-03-28,2017-04-12,2017-04-18
2d5cb98c8e6c,2017-04-08,2017-04-12,2017-04-18
818bf9685474,2017-03-16,2017-04-12,2017-04-15
6b47e528562f,2017-04-17,2017-04-17,2017-04-18
a1ec32e8465d,2017-03-27,2017-04-12,2017-04-18
76e413286a0f,2017-03-16,2017-04-12,2017-04-15
870eac54f9c9,2017-04-04,2017-04-12,2017-04-18
32972988bbbb,2017-04-15,2017-04-15,2017-04-17
3f1899df4279,2017-03-24,2017-04-12,2017-04-18
0ba47470bdb3,2017-03-16,2017-04-12,2017-04-14
94b4d0e5e93b,2017-04-12,2017-04-12,2017-04-16
ff5fc619a566,2017-04-11,2017-04-12,2017-04-18
da4d60c2acd1,2017-04-08,2017-04-12,2017-04-18
f1a266e23937,2017-03-15,2017-04-12,2017-04-14
a5f33ac5b6db,2017-03-14,2017-04-12,2017-04-13
9f8111e794ea,2017-04-04,2017-04-12,2017-04-18
3d27903f538b,2017-03-25,2017-04-12,2017-04-18
95fed2cd89b2,2017-03-29,2017-04-12,2017-04-18
a91f25dcaaf5,2017-04-03,2017-04-12,2017-04-18
a2f52e1c3443,2017-03-17,2017-04-12,2017-04-15
cf4a5739d962,2017-04-01,2017-04-12,2017-04-18
8af0848558e6,2017-03-18,2017-04-12,2017-04-16
9ebe71187f0d,2017-04-04,2017-04-12,2017-04-18
4abc6e5900b5,2017-03-29,2017-04-12,2017-04-18
134e5b3449cc,2017-03-17,2017-04-12,2017-04-15
efc36530e625,2017-04-13,2017-04-13,2017-04-18
bb18b45270f7,2017-04-15,2017-04-15,2017-04-18
52e30eb1a941,2017-03-26,2017-04-12,2017-04-18
a558047ce4e0,2017-04-05,2017-04-12,2017-04-18
5af14bc7595a,2017-04-07,2017-04-12,2017-04-17
2e423cc30fda,2017-04-04,2017-04-12,2017-04-18
fc3e957960d0,2017-04-12,2017-04-12,2017-04-18
e1c9bdde45de,2017-03-31,2017-04-12,2017-04-18
591eac8139aa,2017-04-04,2017-04-12,2017-04-18
a5c84c31989d,2017-03-24,2017-04-12,2017-04-18
6877b08e34b1,2017-03-19,2017-04-12,2017-04-18
dc0731d156cb,2017-04-14,2017-04-14,2017-04-18
f65fb7c53c82,2017-03-19,2017-04-12,2017-04-17
96bad54af8b9,2017-04-16,2017-04-16,2017-04-18
1d7b0a342075,2017-04-12,2017-04-12,2017-04-18
cdedc25cc947,2017-03-31,2017-04-12,2017-04-18
54e7d915500a,2017-03-15,2017-04-12,2017-04-13
38bd3243e718,2017-04-12,2017-04-12,2017-04-18
4dee9f3d9bcd,2017-03-28,2017-04-12,2017-04-18
e7196e128e64,2017-03-22,2017-04-12,2017-04-18
a912957c027f,2017-03-14,2017-04-12,2017-04-13
eafbdc80c538,2017-03-15,2017-04-12,2017-04-14
0ef09fb02a4a,2017-04-11,2017-04-12,2017-04-18
c22185dc4ddf,2017-04-09,2017-04-12,2017-04-18
2b4e6cf30363,2017-04-08,2017-04-12,2017-04-18
cad7a031e479,2017-03-20,2017-04-12,2017-04-18
170b83464bdf,2017-04-02,2017-04-12,2017-04-18
e6cb92298a8c,2017-04-13,2017-04-13,2017-04-18
ab6456bc1102,2017-04-04,2017-04-12,2017-04-18
ce23749687f9,2017-04-04,2017-04-12,2017-04-18
0385966bcfb7,2017-04-13,2017-04-13,2017-04-18
32732a164e72,2017-04-03,2017-04-12,2017-04-18
d8fb9cf6de35,2017-04-10,2017-04-12,2017-04-17
96119c2e7d62,2017-03-25,2017-04-12,2017-04-18
c1c84443c691,2017-04-03,2017-04-12,2017-04-18
a6da9b3e65e4,2017-04-11,2017-04-12,2017-04-18
2b7871182398,2017-04-12,2017-04-12,2017-04-18
426f6b0a0c6c,2017-03-26,2017-04-12,2017-04-18
35804dff7732,2017-03-16,2017-04-12,2017-04-15
30e3aaa854d4,2017-04-01,2017-04-12,2017-04-18
193d059afee1,2017-04-05,2017-04-12,2017-04-18
7ffcf328f80b,2017-04-08,2017-04-12,2017-04-18
ddd6c8ea533a,2017-04-07,2017-04-12,2017-04-15
a932a41b907c,2017-04-17,2017-04-17,2017-04-18
1dfbb6b72c03,2017-04-16,2017-04-16,2017-04-18
98b7bb756f73,2017-04-07,2017-04-12,2017-04-18
e432a77dbe78,2017-03-26,2017-04-12,2017-04-18
9712631fa16b,2017-03-28,2017-04-12,2017-04-18
2151622249fb,2017-04-17,2017-04-17,2017-04-18
ec052c254fcf,2017-03-19,2017-04-12,2017-04-18
ad2db14a2baf,2017-04-12,2017-04-12,2017-04-18
ea24281ae34c,2017-03-22,2017-04-12,2017-04-18
3c336a5ed03d,2017-03-14,2017-04-12,2017-04-13
204da3c51a38,2017-04-10,2017-04-12,2017-04-18
952f913ba439,2017-04-15,2017-04-15,2017-04-16
9ee32dae58f0,2017-03-30,2017-04-12,2017-04-18
d262783698fb,2017-04-06,2017-04-12,2017-04-18
29b5fe1a6fde,2017-04-12,2017-04-12,2017-04-18
747904fcf5a3,2017-03-31,2017-04-12,2017-04-18
f305662961dc,2017-03-20,2017-04-12,2017-04-18
7c83cd7e2062,2017-04-16,2017-04-16,2017-04-18
6b146242fd19,2017-04-04,2017-04-12,2017-04-18
fb193bba851f,2017-04-02,2017-04-12,2017-04-18
38eb94cd004b,2017-03-18,2017-04-12,2017-04-16
7795a54f320c,2017-04-03,2017-04-12,2017-04-18
0651bdb9c72a,2017-03-23,2017-04-12,2017-04-18
34762e1316ff,2017-04-03,2017-04-12,2017-04-18
8a254d2b4006,2017-04-11,2017-04-12,2017-04-18
36587747ea62,2017-03-26,2017-04-12,2017-04-18
9cd095477d61,2017-04-11,2017-04-12,2017-04-18
9d7a29dbffe0,2017-04-09,2017-04-12,2017-04-18
aa385000fd77,2017-04-11,2017-04-12,2017-04-18
1b38d7a0b3b4,2017-03-18,2017-04-12,2017-04-17
431e57de5020,2017-04-10,2017-04-12,2017-04-18
592345e301d8,2017-04-12,2017-04-12,2017-04-18
4328dc80c4bc,2017-04-14,2017-04-14,2017-04-18
ab0c38b39010,2017-04-02,2017-04-12,2017-04-18
c14839563918,2017-03-23,2017-04-12,2017-04-18
8a951a85a97f,2017-03-30,2017-04-12,2017-04-18
45cd9d36fb79,2017-04-02,2017-04-12,2017-04-18
41d6370012da,2017-03-29,2017-04-12,2017-04-18
c1a1ab6b85a9,2017-03-28,2017-04-12,2017-04-18
ed99b0647b4a,2017-04-15,2017-04-15,2017-04-18
887d6ea0a345,2017-04-01,2017-04-12,2017-04-18
08fd46886e01,2017-03-20,2017-04-12,2017-04-18
94d6eb263f43,2017-03-29,2017-04-12,2017-04-18
ca8b4c60ce7e,2017-03-17,2017-04-12,2017-04-16
848ee390aa76,2017-04-07,2017-04-12,2017-04-18
4c15ea0774a9,2017-04-04,2017-04-12,2017-04-18
0838adcbbfcf,2017-04-03,2017-04-12,2017-04-18
073671bb7fec,2017-03-31,2017-04-12,2017-04-18
80746486563b,2017-04-15,2017-04-15,2017-04-18
abb74490d9ec,2017-03-26,2017-04-12,2017-04-18
4998e32f35ae,2017-04-08,2017-04-12,2017-04-18
f6b00e054b59,2017-03-30,2017-04-12,2017-04-18
c759f8c948ee,2017-03-23,2017-04-12,2017-04-18
0cbc9fb16e11,2017-04-17,2017-04-17,2017-04-18
221ab6e4aede,2017-03-19,2017-04-12,2017-04-18
2e8a87e878a9,2017-04-09,2017-04-12,2017-04-18
9a2ddacaa520,2017-03-24,2017-04-12,2017-04-18
c16175a4d555,2017-03-30,2017-04-12,2017-04-18
96ca7e109f98,2017-04-15,2017-04-15,2017-04-18
010397ce9b22,2017-04-15,2017-04-15,2017-04-18
3fdc966c3b33,2017-04-07,2017-04-12,2017-04-18
31f74d7bcc13,2017-03-28,2017-04-12,2017-04-18
9a4fc6a2ae4d,2017-04-16,2017-04-16,2017-04-16
152d08e70829,2017-03-14,2017-04-12,2017-04-13
8b271d102678,2017-03-16,2017-04-12,2017-04-15
0bd2a273bb16,2017-03-29,2017-04-12,2017-04-18
3bb8848581a1,2017-04-03,2017-04-12,2017-04-18
81543bfb656a,2017-04-15,2017-04-15,2017-04-18
d8c3e97a196f,2017-04-17,2017-04-17,2017-04-18
0714929bb401,2017-03-27,2017-04-12,2017-04-18
0e0fc1d455c8,2017-03-24,2017-04-12,2017-04-18
95d7ee13b6cf,2017-04-05,2017-04-12,2017-04-18
17b3bd824dac,2017-04-04,2017-04-12,2017-04-18
b7204a582cee,2017-04-01,2017-04-12,2017-04-18
2739b62804b1,2017-04-13,2017-04-13,2017-04-18
66db8139bcd3,2017-03-14,2017-04-12,2017-04-12
70748c7db549,2017-04-12,2017-04-12,2017-04-15
1469366703b5,2017-04-15,2017-04-15,2017-04-18
d4b250e7ca81,2017-04-17,2017-04-17,2017-04-18
8db45fe7ed43,2017-03-27,2017-04-12,2017-04-18
76decd4dba1a,2017-04-07,2017-04-12,2017-04-18
4f23ed4e0ee3,2017-03-17,2017-04-12,2017-04-16
adae99a23c2f,2017-03-26,2017-04-12,2017-04-18
3080a243ee60,2017-03-18,2017-04-12,2017-04-17
b97fb8fdeef1,2017-04-08,2017-04-12,2017-04-16
a239d827110f,2017-04-03,2017-04-12,2017-04-13
45044f64f6f1,2017-03-20,2017-04-12,2017-04-18
d4fbbbd47df2,2017-04-12,2017-04-12,2017-04-18
cca0d06e66be,2017-04-04,2017-04-12,2017-04-18
0cd4d8a0d784,2017-03-14,2017-04-12,2017-04-12
a770ece3748a,2017-03-28,2017-04-12,2017-04-18
1df211794882,2017-04-17,2017-04-17,2017-04-18
f42dd909a3f4,2017-04-07,2017-04-12,2017-04-18
7a6d47b58dd4,2017-03-19,2017-04-12,2017-04-17
424d5bb7d1c3,2017-03-25,2017-04-12,2017-04-18
c7a05a191069,2017-03-25,2017-04-12,2017-04-18
703bb14252c7,2017-04-11,2017-04-12,2017-04-14
f4fe9197b46b,2017-04-01,2017-04-12,2017-04-18
18378a7d86a1,2017-04-06,2017-04-12,2017-04-18
a6924d7d77b9,2017-04-15,2017-04-15,2017-04-18
ea13a656b4e2,2017-04-11,2017-04-12,2017-04-18
3ec4082ddcf5,2017-03-18,2017-04-12,2017-04-17
ccb41ac98ec0,2017-04-10,2017-04-12,2017-04-18
5494e9c3b9ed,2017-04-18,2017-04-18,2017-04-18
fb1b9d6c1a46,2017-04-07,2017-04-12,2017-04-18
7357326fdda2,2017-03-14,2017-04-12,2017-04-13
16d0f659b3c7,2017-03-24,2017-04-12,2017-04-18
ded4b5aaba99,2017-04-09,2017-04-12,2017-04-18
147e9f27c284,2017-04-13,2017-04-13,2017-04-18
b44413acd391,2017-04-03,2017-04-12,2017-04-18
5a92e3394c30,2017-04-08,2017-04-12,2017-04-18
a3e846cc4741,2017-03-28,2017-04-12,2017-04-18
5785b56bd78b,2017-03-27,2017-04-12,2017-04-18
ad4b685e5cb3,2017-03-31,2017-04-12,2017-04-18
680023a5f6a9,2017-03-31,2017-04-12,2017-04-18
a587ebd7142c,2017-04-10,2017-04-12,2017-04-18
04211f328f60,2017-04-13,2017-04-13,2017-04-18
1fb52cf2ca47,2017-03-19,2017-04-12,2017-04-17
38206d08c866,2017-04-03,2017-04-12,2017-04-18
e656eb83039b,2017-04-17,2017-04-17,2017-04-18
ca2cbaf6fe1d,2017-03-31,2017-04-12,2017-04-18
d2c237f7df8a,2017-04-06,2017-04-12,2017-04-18
7b5f2f193c3e,2017-04-05,2017-04-12,2017-04-18
2ed022f0da49,2017-04-07,2017-04-12,2017-04-18
9198f97b7a18,2017-04-03,2017-04-12,2017-04-18
eb0f8ea9919b,2017-04-07,2017-04-12,2017-04-18
6108f22a7f15,2017-04-17,2017-04-17,2017-04-18
e4d4d61eade7,2017-04-16,2017-04-16,2017-04-18
b1d07d406765,2017-04-04,2017-04-12,2017-04-16
893c86da3c64,2017-04-02,2017-04-12,2017-04-18
0670dc1cdc6e,2017-03-21,2017-04-12,2017-04-18
d9707f6d8ec5,2017-03-14,2017-04-12,2017-04-13
c4711b494cc1,2017-03-28,2017-04-12,2017-04-18
dae6272ad200,2017-04-14,2017-04-14,2017-04-18
91e0632684be,2017-04-09,2017-04-12,2017-04-18
29e4e37bc894,2017-03-29,2017-04-12,2017-04-18
c23100d1e8fc,2017-03-27,2017-04-12,2017-04-18
27f28092e9e6,2017-04-16,2017-04-16,2017-04-18
8394f12d4d33,2017-04-08,2017-04-12,2017-04-18
90a4c552e338,2017-03-16,2017-04-12,2017-04-15
14eeec1ccf26,2017-04-11,2017-04-12,2017-04-18
3fa3b07baa51,2017-04-10,2017-04-12,2017-04-18
8d49aad2ad60,2017-03-22,2017-04-12,2017-04-18
b5cf66a25da9,2017-03-31,2017-04-12,2017-04-18
755e6a211d7f,2017-04-16,2017-04-16,2017-04-18
41b2c1fb4df7,2017-04-02,2017-04-12,2017-04-18
bd2e399e1bed,2017-03-28,2017-04-12,2017-04-18
a200be798ca1,2017-03-27,2017-04-12,2017-04-18
197fbd959191,2017-04-14,2017-04-14,2017-04-18
e428707ec3b6,2017-04-04,2017-04-12,2017-04-18
36aaa5711e16,2017-04-05,2017-04-12,2017-04-18
220eaad932a2,2017-03-26,2017-04-12,2017-04-18
cd1c6093d7bc,2017-04-13,2017-04-13,2017-04-18
00dd224fdbd3,2017-03-31,2017-04-12,2017-04-18
74d4e7699880,2017-04-10,2017-04-12,2017-04-18
1842b1ae4464,2017-03-14,2017-04-12,2017-04-13
a092779503e1,2017-03-24,2017-04-12,2017-04-18
055b2cd8a5c3,2017-03-23,2017-04-12,2017-04-18
fd471218bcb4,2017-04-01,2017-04-12,2017-04-18
38777cbcaf39,2017-03-21,2017-04-12,2017-04-18
aceb052f3b3f,2017-03-20,2017-04-12,2017-04-18
d53afd025154,2017-03-14,2017-04-12,2017-04-13
e83b7a82e15e,2017-03-27,2017-04-12,2017-04-18
f373df0648cb,2017-03-22,2017-04-12,2017-04-18
1071768733a6,2017-04-05,2017-04-12,2017-04-18
27d7aa171e6e,2017-03-31,2017-04-12,2017-04-18
6e17fa3af23a,2017-03-22,2017-04-12,2017-04-18
8edaa49de05d,2017-03-24,2017-04-12,2017-04-18
11751b9f4cf4,2017-04-10,2017-04-12,2017-04-18
45c322d32d59,2017-04-06,2017-04-12,2017-04-18
5000371f74de,2017-03-18,2017-04-12,2017-04-17
510634489d2e,2017-04-15,2017-04-15,2017-04-18
804bfa6288f8,2017-03-28,2017-04-12,2017-04-18
442fd43521d7,2017-03-25,2017-04-12,2017-04-18
17bf25ef04db,2017-03-24,2017-04-12,2017-04-18
f0cc064d74df,2017-03-31,2017-04-12,2017-04-18
24fcc34ac4a5,2017-04-13,2017-04-13,2017-04-18
e3ca006f4798,2017-04-16,2017-04-16,2017-04-18
f9339187b317,2017-04-03,2017-04-12,2017-04-18
44f7fa0d5337,2017-04-05,2017-04-12,2017-04-18
79d261e2bca6,2017-03-22,2017-04-12,2017-04-16
c7bf25a5fa46,2017-04-01,2017-04-12,2017-04-18
246d8844a804,2017-03-23,2017-04-12,2017-04-18
85f716e87275,2017-03-31,2017-04-12,2017-04-13
b285901c7485,2017-04-02,2017-04-12,2017-04-18
ad7c9efa62f1,2017-03-27,2017-04-12,2017-04-18
1a757bc3e97d,2017-04-10,2017-04-12,2017-04-18
3a1af85da834,2017-03-26,2017-04-12,2017-04-18
eda94602251d,2017-04-14,2017-04-14,2017-04-18
bf67c1818616,2017-04-07,2017-04-12,2017-04-18
f68137f53738,2017-03-13,2017-04-12,2017-04-12
63d921fcf416,2017-04-03,2017-04-12,2017-04-18
eb5fd2ee8ed3,2017-03-24,2017-04-12,2017-04-18
9e1f653715e6,2017-04-12,2017-04-12,2017-04-18
bf8cf3cc3e59,2017-04-17,2017-04-17,2017-04-18
f2fa5ee69aa5,2017-03-31,2017-04-12,2017-04-18
e9277acd8551,2017-04-03,2017-04-12,2017-04-18
b181090b5244,2017-03-15,2017-04-12,2017-04-14
24e467f61c2d,2017-04-11,2017-04-12,2017-04-18
7a34e3add947,2017-04-01,2017-04-12,2017-04-18
b2d580d16b1f,2017-03-30,2017-04-12,2017-04-18
0f4761ef50a2,2017-04-13,2017-04-13,2017-04-18
3ad0f360b99d,2017-03-16,2017-04-12,2017-04-15
89d11645f241,2017-03-23,2017-04-12,2017-04-18
cccd97b7d8b7,2017-03-14,2017-04-12,2017-04-12
bc9348ed8ba7,2017-04-06,2017-04-12,2017-04-18
1a66baadcdd6,2017-03-19,2017-04-12,2017-04-18
ff33f82c21f2,2017-03-14,2017-04-12,2017-04-13
efe40a246ae5,2017-03-14,2017-04-12,2017-04-13
5656f3ceeb54,2017-03-15,2017-04-12,2017-04-14
741f24dc5dee,2017-03-30,2017-04-12,2017-04-18
347baba092b0,2017-03-30,2017-04-12,2017-04-18
e79910493443,2017-03-19,2017-04-12,2017-04-18
f1105d09d59f,2017-03-14,2017-04-12,2017-04-13
fcd22203f502,2017-03-27,2017-04-12,2017-04-18
862cc2557e30,2017-04-08,2017-04-12,2017-04-18
cc4b3d174592,2017-03-19,2017-04-12,2017-04-17
469ce389131e,2017-04-01,2017-04-12,2017-04-18
534d2ad6c2cc,2017-03-29,2017-04-12,2017-04-18
4d8e5114245e,2017-04-01,2017-04-12,2017-04-18
2c2b675ce5f1,2017-04-15,2017-04-15,2017-04-18
ae84901fbe94,2017-03-29,2017-04-12,2017-04-18
8018794ea2f3,2017-04-08,2017-04-12,2017-04-18
e1e3700634cd,2017-04-08,2017-04-12,2017-04-18
438586280879,2017-03-22,2017-04-12,2017-04-18
c5e9fd1cd5b6,2017-04-12,2017-04-12,2017-04-18
7ce5c4fbc01f,2017-04-07,2017-04-12,2017-04-18
0a274d2ade6e,2017-04-08,2017-04-12,2017-04-18
6b24329f390c,2017-04-07,2017-04-12,2017-04-18
64a12eeb22ee,2017-04-17,2017-04-17,2017-04-18
89facf0d47bc,2017-03-17,2017-04-12,2017-04-15
effc3deef6f0,2017-04-08,2017-04-12,2017-04-18
bf618ee3d0c2,2017-04-02,2017-04-12,2017-04-18
4f470778bd85,2017-03-22,2017-04-12,2017-04-18
c57f2bb549f4,2017-03-15,2017-04-12,2017-04-14
8fd0588f51b2,2017-03-20,2017-04-12,2017-04-18
0a511f83e026,2017-03-23,2017-04-12,2017-04-18
2038dd8b50bf,2017-03-20,2017-04-12,2017-04-18
38b9f3c40901,2017-03-31,2017-04-12,2017-04-18
56cc515f25dd,2017-03-16,2017-04-12,2017-04-15
a3f85c0fb8c7,2017-03-14,2017-04-12,2017-04-12
d37429a6f0cf,2017-02-26,2017-04-12,2017-04-18
540466bc23c3,2017-04-06,2017-04-12,2017-04-18
5721078ad5ab,2017-04-09,2017-04-12,2017-04-18
72d571b706aa,2017-04-06,2017-04-12,2017-04-18
fe00b1baf1d1,2017-04-03,2017-04-12,2017-04-14
90baa8372be3,2017-03-27,2017-04-12,2017-04-18
cc6365d8245b,2017-04-11,2017-04-12,2017-04-18
77b8966c55f0,2017-04-03,2017-04-12,2017-04-18
600c45b5b280,2017-03-17,2017-04-12,2017-04-16
1ee16be63cb9,2017-04-16,2017-04-16,2017-04-18
76db41ada05d,2017-04-10,2017-04-12,2017-04-18
ed7210d5cfd7,2017-03-30,2017-04-12,2017-04-18
75fb23dee55a,2017-03-26,2017-04-12,2017-04-18
b931cd6c99e7,2017-04-15,2017-04-15,2017-04-18
a9301f62abdf,2017-03-20,2017-04-12,2017-04-18
650aefdc47c5,2017-03-27,2017-04-12,2017-04-18
a21736cc9724,2017-04-13,2017-04-13,2017-04-18
5b1b6271abc0,2017-03-18,2017-04-12,2017-04-16
e0a297f1ae30,2017-04-13,2017-04-13,2017-04-18
796251e50a77,2017-04-17,2017-04-17,2017-04-18
2741b2d3a6c5,2017-03-17,2017-04-12,2017-04-16
841bb24e9088,2017-03-14,2017-04-12,2017-04-13
d60cc7f87de0,2017-04-06,2017-04-12,2017-04-18
7a157e7fd885,2017-03-21,2017-04-12,2017-04-18
966721aaf83e,2017-04-05,2017-04-12,2017-04-18
ab91ea0b0d4d,2017-03-21,2017-04-12,2017-04-18
3ecfe58d7de5,2017-04-10,2017-04-12,2017-04-18
fb500d2aff32,2017-03-17,2017-04-12,2017-04-16
5e392b796068,2017-04-08,2017-04-12,2017-04-18
f7eb4168fe49,2017-04-12,2017-04-12,2017-04-18
afde7d751a87,2017-03-21,2017-04-12,2017-04-18
a6b6cef33885,2017-04-01,2017-04-12,2017-04-18
a9241f734b34,2017-04-07,2017-04-12,2017-04-18
7619362ee796,2017-04-08,2017-04-12,2017-04-18
c8864372abff,2017-03-14,2017-04-12,2017-04-13
d971f2b8da21,2017-04-06,2017-04-12,2017-04-18
03a484e66266,2017-03-26,2017-04-12,2017-04-18
b788e4f5ee63,2017-04-08,2017-04-12,2017-04-18
4934c512dc13,2017-04-06,2017-04-12,2017-04-18
9c0cde600406,2017-04-15,2017-04-15,2017-04-18
5ff841f05ee3,2017-04-03,2017-04-12,2017-04-18
58e1c39a3ff7,2017-03-15,2017-04-12,2017-04-14
e89afb3c6f05,2017-03-20,2017-04-12,2017-04-18
3c81d7bf6725,2017-04-10,2017-04-12,2017-04-18
a03b6422e3ab,2017-04-05,2017-04-12,2017-04-18
995bc4b54d59,2017-04-17,2017-04-17,2017-04-18
ebd3b3bff3b8,2017-03-24,2017-04-12,2017-04-18
cb3142bfd0da,2017-03-21,2017-04-12,2017-04-18
ac39035b1e68,2017-04-06,2017-04-12,2017-04-18
110e17a8e072,2017-03-29,2017-04-12,2017-04-18
0733baaaf0d4,2017-04-03,2017-04-12,2017-04-18
8bb07905f0dd,2017-04-09,2017-04-12,2017-04-18
cd44be0f463c,2017-03-16,2017-04-12,2017-04-15
6cddcea4cb28,2017-04-14,2017-04-14,2017-04-18
1591c36b5357,2017-03-18,2017-04-12,2017-04-17
321aa6c0e930,2017-03-20,2017-04-12,2017-04-18
322fc65d1f97,2017-04-10,2017-04-12,2017-04-18
596b7a0fd21e,2017-04-17,2017-04-17,2017-04-18
4e204a3ebbe4,2017-04-12,2017-04-12,2017-04-18
cabecb7b40c1,2017-04-13,2017-04-13,2017-04-18
065bac576406,2017-04-06,2017-04-12,2017-04-18
7eec1abaf32f,2017-03-03,2017-04-12,2017-04-18
965d11681f00,2017-04-07,2017-04-12,2017-04-18
750e1b6af27e,2017-03-16,2017-04-12,2017-04-14
c5db8b87f760,2017-04-03,2017-04-12,2017-04-18
b80357c9e5f6,2017-04-05,2017-04-12,2017-04-18
6dd8b8ca4e3b,2017-03-27,2017-04-12,2017-04-18
8b21f1a51cf1,2017-04-07,2017-04-12,2017-04-18
763427c33af2,2017-04-18,2017-04-18,2017-04-18
b62df0612a53,2017-03-25,2017-04-12,2017-04-18
6bd2eb41cb18,2017-03-23,2017-04-12,2017-04-18
0fa6f3772a23,2017-04-04,2017-04-12,2017-04-18
e503429f173d,2017-03-22,2017-04-12,2017-04-18
032a4945c5e4,2017-04-02,2017-04-12,2017-04-18
1b85359e1c17,2017-04-09,2017-04-12,2017-04-18
5ec6144accac,2017-03-14,2017-04-12,2017-04-13
9675145b8911,2017-04-03,2017-04-12,2017-04-18
d5b80444c0fa,2017-04-06,2017-04-12,2017-04-18
b9a0de54f253,2017-04-14,2017-04-15,2017-04-18
551b3ccab8ca,2017-04-12,2017-04-12,2017-04-18
b0e6b26e9958,2017-04-12,2017-04-12,2017-04-18
bcc2cfd790b0,2017-04-16,2017-04-16,2017-04-18
f842fd245833,2017-03-27,2017-04-12,2017-04-18
8f8a96905502,2017-03-23,2017-04-12,2017-04-18
c2aa83ef239f,2017-03-21,2017-04-12,2017-04-18
098ea980b164,2017-03-21,2017-04-12,2017-04-18
7daf66a71b64,2017-03-14,2017-04-12,2017-04-13
79b53fcb9313,2017-04-14,2017-04-14,2017-04-18
585e4efa503c,2017-04-18,2017-04-18,2017-04-18
46252a107ba2,2017-03-26,2017-04-12,2017-04-18
bb791336a09e,2017-03-30,2017-04-12,2017-04-18
0105976dcaae,2017-04-08,2017-04-12,2017-04-18
5c8b68ec8f85,2017-04-01,2017-04-12,2017-04-18
81c18a6bea15,2017-04-14,2017-04-14,2017-04-18
d8aa8b3f424e,2017-04-14,2017-04-14,2017-04-18
903c67b47989,2017-04-08,2017-04-12,2017-04-18
7036a64e9fe6,2017-04-10,2017-04-12,2017-04-18
6da8df74d1c1,2017-04-05,2017-04-12,2017-04-18
75e770f9afbf,2017-04-06,2017-04-12,2017-04-18
90d74e07fb02,2017-04-02,2017-04-12,2017-04-18
9d2e92efa246,2017-03-17,2017-04-12,2017-04-16
a5c5f993a2ef,2017-03-22,2017-04-12,2017-04-18
e7a83443462f,2017-04-16,2017-04-16,2017-04-18
5e47edf02cdb,2017-03-26,2017-04-12,2017-04-18
1c2597b37c17,2017-04-07,2017-04-12,2017-04-18
619c50a8b07c,2017-04-12,2017-04-12,2017-04-18
88a242a4bae9,2017-04-08,2017-04-12,2017-04-18
49366e980f14,2017-03-29,2017-04-12,2017-04-15
2f921584ce37,2017-03-14,2017-04-12,2017-04-13
c886800ee8fd,2017-03-20,2017-04-12,2017-04-18
92ca62406f7e,2017-04-05,2017-04-12,2017-04-18
d0592f2eff21,2017-03-24,2017-04-12,2017-04-18
afe8964cff07,2017-03-15,2017-04-12,2017-04-14
6be29d04a77c,2017-04-14,2017-04-14,2017-04-18
cae13b05a476,2017-04-08,2017-04-12,2017-04-18
93272c2772ff,2017-03-19,2017-04-12,2017-04-18
657221f4b7be,2017-04-08,2017-04-12,2017-04-18
6e97d935d327,2017-04-16,2017-04-16,2017-04-18
75a2a1165afc,2017-03-31,2017-04-12,2017-04-18
587eaa203530,2017-04-11,2017-04-12,2017-04-14
4b2321fd5525,2017-03-31,2017-04-12,2017-04-18
c761f154b2de,2017-03-15,2017-04-12,2017-04-14
edb2128a6b45,2017-03-30,2017-04-12,2017-04-18
9033da31f317,2017-04-17,2017-04-17,2017-04-18
80cf872a3928,2017-04-11,2017-04-12,2017-04-18
e04ea05a792b,2017-03-18,2017-04-12,2017-04-16
891e6d7aa3d7,2017-03-28,2017-04-12,2017-04-18
e8ef162e4ea5,2017-04-06,2017-04-12,2017-04-18
bdeb131a631e,2017-04-18,2017-04-18,2017-04-18
d9a75437afa2,2017-03-21,2017-04-12,2017-04-15
4e1e506dba60,2017-04-10,2017-04-12,2017-04-16
45f2899e3408,2017-03-27,2017-04-12,2017-04-18
bf27f5a257c3,2017-04-10,2017-04-12,2017-04-18
54ed6b4db364,2017-03-30,2017-04-12,2017-04-18
d071fdec2df7,2017-04-11,2017-04-12,2017-04-18
760218ec0020,2017-04-15,2017-04-15,2017-04-18
2774396968bc,2017-04-12,2017-04-12,2017-04-18
ab4b822fd471,2017-04-11,2017-04-12,2017-04-18
05ea6eb12972,2017-04-14,2017-04-14,2017-04-18
deb7a7dd8668,2017-03-31,2017-04-12,2017-04-18
313aede142ce,2017-03-19,2017-04-12,2017-04-18
9b1d69ef6d3f,2017-03-26,2017-04-12,2017-04-18
aac7da84d7e1,2017-04-04,2017-04-12,2017-04-18
97ddf5f75c7d,2017-03-26,2017-04-12,2017-04-18
2d0f674c94dd,2017-03-17,2017-04-12,2017-04-16
e345699079ff,2017-04-13,2017-04-13,2017-04-18
8226dc72991b,2017-04-10,2017-04-12,2017-04-18
b020eaf75d82,2017-04-06,2017-04-12,2017-04-18
3e5409871eb4,2017-03-27,2017-04-12,2017-04-18
45f12799efd3,2017-04-04,2017-04-12,2017-04-18
c4d87efe69da,2017-03-31,2017-04-12,2017-04-18
5f8fc314ea80,2017-03-30,2017-04-12,2017-04-18
a6978bb2bde0,2017-04-06,2017-04-12,2017-04-18
0f5e3e73c6f4,2017-03-17,2017-04-12,2017-04-15
8ef2043a9392,2017-04-11,2017-04-12,2017-04-18
cc5d98d10a05,2017-03-29,2017-04-12,2017-04-18
8102d6089bf0,2017-04-15,2017-04-15,2017-04-18
b805768a39ed,2017-03-28,2017-04-12,2017-04-18
929eacb56658,2017-03-29,2017-04-12,2017-04-18
1e1e95ed24fc,2017-04-06,2017-04-12,2017-04-18
ff48269c4ed6,2017-03-23,2017-04-12,2017-04-18
507720a00833,2017-04-08,2017-04-12,2017-04-18
999f22a318f1,2017-03-25,2017-04-12,2017-04-18
43fcacd764ab,2017-03-16,2017-04-12,2017-04-16
169cf0553fff,2017-03-30,2017-04-12,2017-04-18
be1c5c80d362,2017-03-23,2017-04-12,2017-04-18
e8fb1e7907a8,2017-03-14,2017-04-12,2017-04-13
33c5d47f3aaf,2017-04-06,2017-04-12,2017-04-18
0883c6b669fe,2017-03-31,2017-04-12,2017-04-18
5e4b4d43b6a3,2017-04-10,2017-04-12,2017-04-18
93dfe74bf136,2017-04-11,2017-04-12,2017-04-18
99342bc5bc31,2017-03-14,2017-04-12,2017-04-12
22a11b51a545,2017-04-08,2017-04-12,2017-04-18
6234ff96ab91,2017-03-15,2017-04-12,2017-04-13
f96d816c4ed2,2017-04-02,2017-04-12,2017-04-18
3f82d07d6bcb,2017-03-17,2017-04-12,2017-04-15
76bbec251a44,2017-04-13,2017-04-13,2017-04-18
78a590f9098e,2017-04-11,2017-04-12,2017-04-18
77fdc1294686,2017-04-01,2017-04-12,2017-04-18
465c96d9e6a2,2017-03-15,2017-04-12,2017-04-14
4acd925221a4,2017-04-04,2017-04-12,2017-04-18
1b72e2bf4b44,2017-04-03,2017-04-12,2017-04-18
0daea9824546,2017-04-09,2017-04-12,2017-04-18
7ab7e03bd277,2017-04-06,2017-04-12,2017-04-18
92304a54b9eb,2017-03-22,2017-04-12,2017-04-18
de7b4ff5efb8,2017-03-26,2017-04-12,2017-04-18
504fea707af5,2017-03-30,2017-04-12,2017-04-18
98fe2af958a0,2017-03-28,2017-04-12,2017-04-18
4d2aff509da9,2017-04-08,2017-04-12,2017-04-18
2a90b006621a,2017-04-18,2017-04-18,2017-04-18
00fa96b0bb93,2017-04-18,2017-04-18,2017-04-18
d5a116cb08c6,2017-03-29,2017-04-12,2017-04-18
0cfb8c1c3901,2017-03-24,2017-04-12,2017-04-18
2bc882c2751b,2017-04-17,2017-04-17,2017-04-18
8c8e1265a74b,2017-03-31,2017-04-12,2017-04-18
f54b1a84e315,2017-03-31,2017-04-12,2017-04-18
ba20ec6610bd,2017-04-10,2017-04-12,2017-04-18
9a7f7ae3dc48,2017-03-14,2017-04-12,2017-04-13
f662036933fc,2017-03-20,2017-04-12,2017-04-18
b237491152d9,2017-04-18,2017-04-18,2017-04-18
b9ad7490d815,2017-03-26,2017-04-12,2017-04-18
5000a6100d1c,2017-04-02,2017-04-12,2017-04-14
d11958d10139,2017-03-22,2017-04-12,2017-04-18
80f2a0fb9aec,2017-03-27,2017-04-12,2017-04-18
b9aa075b1c20,2017-03-17,2017-04-12,2017-04-16
e23a10d3f6b5,2017-04-05,2017-04-12,2017-04-18
de9828f61ab8,2017-03-18,2017-04-12,2017-04-17
8c6d7449c240,2017-03-17,2017-04-12,2017-04-16
11be8659c209,2017-03-27,2017-04-12,2017-04-18
3ed3b30760e4,2017-03-22,2017-04-12,2017-04-18
f6f8e7ee8670,2017-03-30,2017-04-12,2017-04-18
08b08f49e8ab,2017-04-18,2017-04-18,2017-04-18
ee8fd8837474,2017-04-03,2017-04-12,2017-04-18
2162c5a1768e,2017-03-31,2017-04-12,2017-04-18
c6ac93366a77,2017-04-12,2017-04-12,2017-04-18
6beb85b2ffbd,2017-04-03,2017-04-12,2017-04-18
fe5a0bdb6057,2017-03-14,2017-04-12,2017-04-12
525a30efdaa3,2017-03-21,2017-04-12,2017-04-18
facd887e0452,2017-04-12,2017-04-12,2017-04-18
c1044b21d89f,2017-04-17,2017-04-17,2017-04-18
8ce0c7860750,2017-04-14,2017-04-14,2017-04-18
2ce397feffe2,2017-03-23,2017-04-12,2017-04-18
f793bf84c35d,2017-04-02,2017-04-12,2017-04-18
48febd9d493e,2017-04-11,2017-04-12,2017-04-18
4ba1be02f399,2017-04-16,2017-04-16,2017-04-18
d741af4921ef,2017-04-10,2017-04-12,2017-04-18
77e5fb04bbbc,2017-03-14,2017-04-12,2017-04-13
2d0a3fd33de6,2017-04-07,2017-04-12,2017-04-18
b047f96f917c,2017-04-16,2017-04-16,2017-04-18
093f37a4a3cf,2017-04-06,2017-04-12,2017-04-18
3919c0950b88,2017-04-02,2017-04-12,2017-04-18
5e4b3f909362,2017-03-15,2017-04-12,2017-04-14
6194df661050,2017-04-05,2017-04-12,2017-04-18
453c787d63e5,2017-03-29,2017-04-12,2017-04-18
398d43e86fbf,2017-04-17,2017-04-17,2017-04-18
252aca6019cd,2017-03-25,2017-04-12,2017-04-18
61c2f54e07c0,2017-03-21,2017-04-12,2017-04-18
325ed7668ab9,2017-04-03,2017-04-12,2017-04-18
512ff369d308,2017-04-12,2017-04-12,2017-04-18
ea7829929484,2017-03-15,2017-04-12,2017-04-14
3cc04863f5f5,2017-03-28,2017-04-12,2017-04-18
7e031f944160,2017-04-17,2017-04-17,2017-04-18
7aced9e49a1b,2017-04-11,2017-04-12,2017-04-18
2531f37c2df2,2017-04-01,2017-04-12,2017-04-18
4ecd28fa402c,2017-04-14,2017-04-14,2017-04-18
fff5217d2047,2017-03-14,2017-04-12,2017-04-13
30a5cca54995,2017-03-23,2017-04-12,2017-04-18
a127590c9654,2017-03-26,2017-04-12,2017-04-18
e724fdab2cbc,2017-04-10,2017-04-12,2017-04-18
7fe636c39e57,2017-04-08,2017-04-12,2017-04-18
435ffaf07254,2017-04-07,2017-04-12,2017-04-18
d280227e58d6,2017-04-18,2017-04-18,2017-04-18
d75e3dcae001,2017-03-25,2017-04-12,2017-04-18
b9449321bc56,2017-03-25,2017-04-12,2017-04-18
692e76d48893,2017-04-05,2017-04-12,2017-04-15
3e816b57c233,2017-03-22,2017-04-12,2017-04-18
8d3456bd8327,2017-04-18,2017-04-18,2017-04-18
c0468e403ea7,2017-04-17,2017-04-17,2017-04-18
4d9183b031c6,2017-04-08,2017-04-12,2017-04-18
d5c4b373d04b,2017-04-12,2017-04-13,2017-04-18
838edbf750f8,2017-03-20,2017-04-12,2017-04-18
8ac090e6fedd,2017-03-29,2017-04-12,2017-04-18
30df8fe8f49e,2017-04-09,2017-04-12,2017-04-18
de5d8f7fd535,2017-03-18,2017-04-12,2017-04-16
751fbd3114a3,2017-04-06,2017-04-12,2017-04-18
28bd7ed9ff3d,2017-04-03,2017-04-12,2017-04-18
dd8b985ff696,2017-03-20,2017-04-12,2017-04-18
d6d94744e4c4,2017-04-10,2017-04-12,2017-04-18
25ecf510f44b,2017-03-23,2017-04-12,2017-04-18
2bdd7a103ee4,2017-04-10,2017-04-12,2017-04-18
11d6a21b6cb2,2017-03-24,2017-04-12,2017-04-18
0a0fb25fdd2e,2017-04-08,2017-04-12,2017-04-18
7fc38406b92a,2017-04-11,2017-04-12,2017-04-18
f308686f7c7f,2017-04-10,2017-04-12,2017-04-15
df0a42d163f4,2017-03-30,2017-04-12,2017-04-18
ad1d14acc26d,2017-04-02,2017-04-12,2017-04-18
63cb517d5400,2017-03-21,2017-04-12,2017-04-18
bf09e2b028c8,2017-03-15,2017-04-12,2017-04-14
fd3d50b8c23d,2017-04-12,2017-04-12,2017-04-18
a7fd93ee5844,2017-04-10,2017-04-12,2017-04-18
959ec7cb8c42,2017-03-19,2017-04-12,2017-04-18
39dd2bc208c1,2017-03-16,2017-04-12,2017-04-15
1e3f0af4ea39,2017-04-05,2017-04-12,2017-04-14
2ed3fe61f875,2017-03-28,2017-04-12,2017-04-18
e1a49729d2d8,2017-03-28,2017-04-12,2017-04-18
547512443d20,2017-03-21,2017-04-12,2017-04-18
a2f094982768,2017-04-09,2017-04-12,2017-04-18
211e0683c563,2017-03-28,2017-04-12,2017-04-18
d8cd5f6e1ddd,2017-03-29,2017-04-12,2017-04-18
739444a12145,2017-03-17,2017-04-12,2017-04-16
f983f860ab33,2017-03-26,2017-04-12,2017-04-18
804804ac9793,2017-04-09,2017-04-12,2017-04-18
e68341d3fdac,2017-04-07,2017-04-12,2017-04-18
c8709cc6a56c,2017-03-15,2017-04-12,2017-04-14
28cd652376a2,2017-03-29,2017-04-12,2017-04-18
685da0c31b78,2017-03-17,2017-04-12,2017-04-16
170aa09f2338,2017-03-20,2017-04-12,2017-04-18
274429899e66,2017-04-01,2017-04-12,2017-04-18
3fe64d37ffd6,2017-04-05,2017-04-12,2017-04-18
ece1f1034a38,2017-04-03,2017-04-12,2017-04-18
8618ae83ba94,2017-03-22,2017-04-12,2017-04-18
1e4bb12c7f7a,2017-04-16,2017-04-16,2017-04-18
83e9a70b6c05,2017-03-26,2017-04-12,2017-04-18
3aab9f8844b4,2017-04-10,2017-04-12,2017-04-18
8ff9aa275cef,2017-03-29,2017-04-12,2017-04-14
2a06a9d36404,2017-03-31,2017-04-12,2017-04-18
0d0c9c313502,2017-03-30,2017-04-12,2017-04-18
bfdd409a076a,2017-04-12,2017-04-12,2017-04-18
36789c7a2096,2017-04-05,2017-04-12,2017-04-18
9dfeb2f9aba3,2017-04-12,2017-04-12,2017-04-18
a8ce7d105aa1,2017-04-16,2017-04-16,2017-04-18
08433489d214,2017-03-25,2017-04-12,2017-04-18
970bfa6ab289,2017-03-29,2017-04-12,2017-04-18
c1c8d3d85484,2017-04-12,2017-04-12,2017-04-18
9bf085e862fb,2017-04-08,2017-04-12,2017-04-18
f4d64c6c0e46,2017-04-17,2017-04-17,2017-04-18
dc6a2c4277b5,2017-04-05,2017-04-12,2017-04-18
83d35b243854,2017-04-04,2017-04-12,2017-04-18
743f59839034,2017-04-18,2017-04-18,2017-04-18
b77ad92c0033,2017-04-05,2017-04-12,2017-04-18
c59da0ee3d3c,2017-03-24,2017-04-12,2017-04-18
da57b180479b,2017-04-12,2017-04-12,2017-04-18
f7792f627f3b,2017-04-14,2017-04-14,2017-04-18
f52364d1f169,2017-04-03,2017-04-12,2017-04-18
95952c23b98a,2017-04-17,2017-04-17,2017-04-18
5dad6ab3c0c2,2017-03-18,2017-04-12,2017-04-17
e8b8e16a09ee,2017-04-14,2017-04-14,2017-04-18
8b0a6fcf1b37,2017-03-19,2017-04-12,2017-04-17
e1bbb49a5025,2017-04-17,2017-04-17,2017-04-18
54383c5400f9,2017-03-21,2017-04-12,2017-04-18
bde36c6fb229,2017-03-31,2017-04-12,2017-04-18
cf1e68413a66,2017-04-11,2017-04-12,2017-04-18
c6e9532b7eea,2017-03-19,2017-04-12,2017-04-18
e8ecefc68e28,2017-04-12,2017-04-12,2017-04-18
19c24b6aeb4c,2017-04-12,2017-04-12,2017-04-18
226bb75b7737,2017-04-10,2017-04-12,2017-04-18
d93e3fa02d4a,2017-03-22,2017-04-12,2017-04-18
11a14c9b6c9c,2017-04-02,2017-04-12,2017-04-18
89d25c0ca801,2017-03-20,2017-04-12,2017-04-18
5b46b620c16e,2017-04-10,2017-04-12,2017-04-18
618b4ee2e60a,2017-04-14,2017-04-14,2017-04-15
3c0643657c11,2017-03-21,2017-04-12,2017-04-18
20f2d8cfe637,2017-04-06,2017-04-12,2017-04-16
6d7110f20084,2017-04-03,2017-04-12,2017-04-18
423876020527,2017-03-23,2017-04-12,2017-04-18
2c4f488f278b,2017-04-05,2017-04-12,2017-04-18
d982f9f93198,2017-04-07,2017-04-12,2017-04-18
1e3df9035397,2017-04-02,2017-04-12,2017-04-18
7b457ef364a2,2017-04-05,2017-04-12,2017-04-18
470a6d971d6e,2017-03-23,2017-04-12,2017-04-18
4d3c97be74bf,2017-04-17,2017-04-17,2017-04-18
2776590850f6,2017-04-07,2017-04-12,2017-04-18
21c56065b61c,2017-04-10,2017-04-12,2017-04-18
412006944971,2017-04-08,2017-04-12,2017-04-18
01ab69dce41a,2017-03-15,2017-04-12,2017-04-14
633f6e7ea49c,2017-04-02,2017-04-12,2017-04-18
9a955d86c919,2017-03-17,2017-04-12,2017-04-16
f25197236cd8,2017-04-03,2017-04-12,2017-04-18
90456acc9c61,2017-04-16,2017-04-16,2017-04-18
0808c384f2d8,2017-04-12,2017-04-12,2017-04-17
8d6b177766d0,2017-04-06,2017-04-12,2017-04-18
9c99844bb2c1,2017-03-23,2017-04-12,2017-04-18
aa14ab87125e,2017-03-16,2017-04-12,2017-04-14
be9451d9fa61,2017-03-17,2017-04-12,2017-04-16
20b5c2b54f05,2017-04-16,2017-04-16,2017-04-18
f28a22b07f83,2017-04-08,2017-04-12,2017-04-18
a8c345a1e823,2017-04-14,2017-04-14,2017-04-16
c401490732ad,2017-03-18,2017-04-12,2017-04-17
59c3e8be2c57,2017-03-31,2017-04-12,2017-04-18
fef4a8479d59,2017-04-12,2017-04-12,2017-04-18
e6864895adad,2017-03-30,2017-04-12,2017-04-13
813004c8afe8,2017-04-07,2017-04-12,2017-04-18
0266ed332082,2017-03-20,2017-04-12,2017-04-18
8ca62398c6f6,2017-04-10,2017-04-12,2017-04-18
194479f90edb,2017-03-14,2017-04-12,2017-04-13
61eceae74732,2017-03-29,2017-04-12,2017-04-18
0f4bb0d3a8c0,2017-04-05,2017-04-12,2017-04-18
d78117ca9642,2017-04-03,2017-04-12,2017-04-18
5316b09b42ca,2017-04-07,2017-04-12,2017-04-18
e2537e2d7978,2017-03-31,2017-04-12,2017-04-18
502c2d7a25c9,2017-03-14,2017-04-12,2017-04-13
fdf91918ff91,2017-03-30,2017-04-12,2017-04-18
ed2d96f654ae,2017-04-13,2017-04-13,2017-04-18
c55a4593df80,2017-03-31,2017-04-12,2017-04-18
2ba4680ecad3,2017-03-31,2017-04-12,2017-04-18
2712043765ec,2017-03-23,2017-04-12,2017-04-18
df10f9202cb8,2017-04-03,2017-04-12,2017-04-18
ccf99f04ac3b,2017-03-28,2017-04-12,2017-04-18
215a608195c2,2017-04-14,2017-04-14,2017-04-18
b06256d59491,2017-03-14,2017-04-12,2017-04-13
2bd8355f4a1c,2017-03-23,2017-04-12,2017-04-18
f261b5112e71,2017-03-29,2017-04-12,2017-04-18
28e971bf43a8,2017-04-07,2017-04-12,2017-04-18
82e5ffc726c0,2017-03-31,2017-04-12,2017-04-18
44d5ae3115ac,2017-04-13,2017-04-13,2017-04-18
0ca472e5c5d0,2017-04-04,2017-04-12,2017-04-18
a3683409303e,2017-03-31,2017-04-12,2017-04-18
75635afa3f9a,2017-04-10,2017-04-12,2017-04-18
0c0560f8d593,2017-03-26,2017-04-12,2017-04-14
0e1e3faac098,2017-03-17,2017-04-12,2017-04-16
e10f4291b44c,2017-04-03,2017-04-12,2017-04-18
d50df9c369ce,2017-04-10,2017-04-12,2017-04-18
3dd77e3c8190,2017-03-21,2017-04-12,2017-04-18
511aee822c1d,2017-04-04,2017-04-12,2017-04-18
368f6f684b98,2017-04-10,2017-04-12,2017-04-18
536b9e469135,2017-04-13,2017-04-13,2017-04-18
c6e8a55da7b5,2017-04-02,2017-04-12,2017-04-18
9b1765e1edca,2017-04-15,2017-04-15,2017-04-18
2ae3b583274f,2017-03-21,2017-04-12,2017-04-18
7f720944c18b,2017-04-04,2017-04-12,2017-04-18
d0671de92016,2017-04-10,2017-04-12,2017-04-18
4549da2980a2,2017-04-08,2017-04-12,2017-04-18
c8c43e97d8c6,2017-04-04,2017-04-12,2017-04-18
d0c23441d57f,2017-03-28,2017-04-12,2017-04-18
56a43ed72629,2017-04-07,2017-04-12,2017-04-18
a41c9e34065a,2017-03-19,2017-04-12,2017-04-18
a600c852a040,2017-04-02,2017-04-12,2017-04-18
afdb20760133,2017-03-25,2017-04-12,2017-04-18
458b2cec16df,2017-04-16,2017-04-16,2017-04-18
9ab24e9fa61a,2017-04-11,2017-04-12,2017-04-18
394e4aedd74d,2017-04-16,2017-04-17,2017-04-18
c19df9f22660,2017-04-07,2017-04-12,2017-04-18
5e0ce5751698,2017-04-05,2017-04-12,2017-04-18
b1d7ae6416c1,2017-04-18,2017-04-18,2017-04-18
8c924bfb1fb4,2017-03-17,2017-04-12,2017-04-15
956cd8b219d9,2017-03-17,2017-04-12,2017-04-15
e61a810a85af,2017-03-17,2017-04-12,2017-04-16
c6cc3d8b9658,2017-04-03,2017-04-12,2017-04-18
847ff2def796,2017-04-13,2017-04-13,2017-04-18
a778a94ed76a,2017-03-20,2017-04-12,2017-04-14
cb8c43d2b6e0,2017-03-20,2017-04-12,2017-04-18
cdd6e9598883,2017-03-16,2017-04-12,2017-04-15
f2b068f4487c,2017-03-14,2017-04-12,2017-04-13
66fd946b17cc,2017-04-09,2017-04-12,2017-04-15
07c9fde56843,2017-04-12,2017-04-12,2017-04-18
8cc9d0959439,2017-04-01,2017-04-12,2017-04-18
f2b38033e123,2017-03-25,2017-04-12,2017-04-18
9f0d01973c8c,2017-03-31,2017-04-12,2017-04-18
80a2185809f0,2017-03-24,2017-04-12,2017-04-18
e0c9823f755a,2017-04-08,2017-04-12,2017-04-18
cf77fef6b476,2017-04-11,2017-04-12,2017-04-18
39b972ba50b0,2017-04-07,2017-04-12,2017-04-18
724b637cfc1e,2017-03-15,2017-04-12,2017-04-13
da1a2791ab4d,2017-04-10,2017-04-12,2017-04-18
2336cff4d949,2017-03-26,2017-04-12,2017-04-18
f7377f499203,2017-04-12,2017-04-12,2017-04-18
7f6b993bf78b,2017-04-15,2017-04-15,2017-04-18
e06f5b959b58,2017-04-04,2017-04-12,2017-04-18
b3466edcab9d,2017-03-16,2017-04-12,2017-04-14
bd0bab297750,2017-04-16,2017-04-16,2017-04-18
c9cbdd664fdf,2017-04-08,2017-04-12,2017-04-18
63f64dd8b1ba,2017-03-27,2017-04-12,2017-04-18
7a5226ad96b9,2017-04-11,2017-04-12,2017-04-18
0538ff43e7cc,2017-04-04,2017-04-12,2017-04-18
d4b81f631658,2017-04-08,2017-04-12,2017-04-18
001713bbead2,2017-03-11,2017-04-12,2017-04-16
fc408c57aa3b,2017-03-15,2017-04-12,2017-04-13
6928ace15733,2017-04-04,2017-04-12,2017-04-18
e6b40f1b3dab,2017-04-02,2017-04-12,2017-04-18
a31870536b37,2017-03-14,2017-04-12,2017-04-12
bb491f7cc202,2017-03-14,2017-04-12,2017-04-13
3f01bedefa26,2017-04-09,2017-04-12,2017-04-18
640b944fffa1,2017-03-16,2017-04-12,2017-04-15
4e78961014be,2017-03-13,2017-04-12,2017-04-12
e109f8132748,2017-03-30,2017-04-12,2017-04-18
f3fa4235caaa,2017-03-29,2017-04-12,2017-04-18
8cd13ace0f6b,2017-04-17,2017-04-17,2017-04-18
e759266f5a61,2017-03-17,2017-04-12,2017-04-16
afe5b4ab3a21,2017-04-10,2017-04-12,2017-04-13
5d447c14f155,2017-03-28,2017-04-12,2017-04-18
a3e017cd2c07,2017-04-12,2017-04-12,2017-04-18
a7d976672dcf,2017-04-10,2017-04-12,2017-04-18
62d3eb7d4519,2017-04-02,2017-04-12,2017-04-18
1d657b645cff,2017-04-07,2017-04-12,2017-04-18
7804338829fc,2017-04-03,2017-04-12,2017-04-18
bcf45115e688,2017-04-17,2017-04-17,2017-04-18
acc2f82485ab,2017-03-18,2017-04-12,2017-04-17
0f22fa9078c7,2017-03-15,2017-04-12,2017-04-14
7a67f585d346,2017-04-03,2017-04-12,2017-04-18
2fbdccac41dc,2017-03-28,2017-04-12,2017-04-18
1961b2dbffa4,2017-04-11,2017-04-12,2017-04-18
313d199c4431,2017-03-23,2017-04-12,2017-04-18
666f196f4021,2017-03-24,2017-04-12,2017-04-18
8008b27dbb59,2017-04-17,2017-04-17,2017-04-18
3b4bcb4d0113,2017-04-09,2017-04-12,2017-04-18
34c171dc90f6,2017-03-30,2017-04-12,2017-04-18
3d0aaf9445fe,2017-04-05,2017-04-12,2017-04-18
e2719b9fa093,2017-03-31,2017-04-12,2017-04-18
a532c6784f04,2017-04-13,2017-04-13,2017-04-18
8428736e6eb9,2017-03-30,2017-04-12,2017-04-18
9fe1bbfa9ef8,2017-04-13,2017-04-13,2017-04-18
17a15d8d7b1e,2017-03-23,2017-04-12,2017-04-18
025f220f3395,2017-03-27,2017-04-12,2017-04-18
d1df774f9fb3,2017-03-30,2017-04-12,2017-04-18
40ed0314a146,2017-03-31,2017-04-12,2017-04-18
0492410c5da3,2017-04-07,2017-04-12,2017-04-18
a818e77d6c8a,2017-04-07,2017-04-12,2017-04-13
37aeee0fd612,2017-03-15,2017-04-12,2017-04-14
9cc5354ab57b,2017-03-21,2017-04-12,2017-04-18
0586b0055aef,2017-03-29,2017-04-12,2017-04-18
eb1dd8a76f4c,2017-04-16,2017-04-16,2017-04-18
f0e7a38ec9d0,2017-04-14,2017-04-14,2017-04-18
be506322954d,2017-04-10,2017-04-12,2017-04-18
bff53d1e109b,2017-03-22,2017-04-12,2017-04-18
e411982cf376,2017-04-10,2017-04-12,2017-04-18
f4e68d1e4a69,2017-04-06,2017-04-12,2017-04-18
237f3cf4db24,2017-03-17,2017-04-12,2017-04-16
bffed249ee64,2017-03-30,2017-04-12,2017-04-18
7e8f53e91815,2017-04-05,2017-04-12,2017-04-18
93d09dad0618,2017-04-10,2017-04-12,2017-04-18
a1af58e3edcf,2017-04-05,2017-04-12,2017-04-18
f03fd65ddc19,2017-04-09,2017-04-12,2017-04-18
9d4b7164efd3,2017-03-28,2017-04-12,2017-04-18
1eec47112143,2017-04-07,2017-04-12,2017-04-18
4801edbe39c7,2017-04-12,2017-04-12,2017-04-18
c84a328676a6,2017-03-28,2017-04-12,2017-04-18
74fa5a3ba15c,2017-04-14,2017-04-14,2017-04-18
4ea94ca2f670,2017-03-21,2017-04-12,2017-04-18
017b847b06d2,2017-04-14,2017-04-14,2017-04-18
c6caa9ccf641,2017-03-31,2017-04-12,2017-04-18
36857b262663,2017-03-30,2017-04-12,2017-04-16
b1873a723e8c,2017-03-20,2017-04-12,2017-04-16
b28b23106d7d,2017-04-08,2017-04-12,2017-04-18
3daaf6adfff5,2017-04-09,2017-04-12,2017-04-18
8555bbdf6803,2017-04-04,2017-04-12,2017-04-18
c3b3404304be,2017-04-03,2017-04-12,2017-04-18
f646cd71d1ca,2017-03-29,2017-04-12,2017-04-18
21f678aa8e84,2017-04-09,2017-04-12,2017-04-18
ad8e84f0c165,2017-03-27,2017-04-12,2017-04-18
0a40de736a6c,2017-03-15,2017-04-12,2017-04-14
0fab0a357ad8,2017-04-08,2017-04-12,2017-04-18
109543febc95,2017-04-13,2017-04-13,2017-04-18
a67170b5e37e,2017-03-31,2017-04-12,2017-04-18
64ca9bfb36c7,2017-04-01,2017-04-12,2017-04-18
83e269e0001a,2017-04-06,2017-04-12,2017-04-18
d2be08a90865,2017-03-17,2017-04-12,2017-04-15
417e3e01b57f,2017-04-16,2017-04-16,2017-04-18
ae7969227f58,2017-03-26,2017-04-12,2017-04-18
cbab0d560958,2017-04-11,2017-04-12,2017-04-18
fb27f6600b7f,2017-03-27,2017-04-12,2017-04-18
d6811ff3f674,2017-04-17,2017-04-17,2017-04-18
ee20dd04cb7b,2017-04-15,2017-04-15,2017-04-18
f08a524f80f6,2017-03-23,2017-04-12,2017-04-18
ce90992ccde5,2017-04-11,2017-04-12,2017-04-18
65cfc2fac3e3,2017-04-03,2017-04-12,2017-04-18
4f27e3ae5f39,2017-04-09,2017-04-12,2017-04-18
6e1fe719b29e,2017-04-12,2017-04-12,2017-04-16
dafa2b8d7dfe,2017-03-22,2017-04-12,2017-04-18
d2a571e07e02,2017-03-23,2017-04-12,2017-04-18
f01954d03058,2017-04-06,2017-04-12,2017-04-18
08e3217718b9,2017-03-15,2017-04-12,2017-04-14
2261aea14057,2017-04-11,2017-04-12,2017-04-15
239d9979cbf0,2017-04-03,2017-04-12,2017-04-18
5f1f6f9be52c,2017-04-17,2017-04-17,2017-04-18
9eafbe463eed,2017-04-16,2017-04-16,2017-04-17
70309cafbfa6,2017-04-02,2017-04-12,2017-04-18
b96ec8cedf7f,2017-04-11,2017-04-12,2017-04-15
81d7b2014ddd,2017-04-10,2017-04-12,2017-04-18
7b153a75a240,2017-04-12,2017-04-12,2017-04-18
32b76f405a24,2017-04-11,2017-04-12,2017-04-18
3b274aed82f0,2017-04-09,2017-04-12,2017-04-18
230e3fecb5e8,2017-04-08,2017-04-12,2017-04-18
8bf3d991eb48,2017-03-23,2017-04-12,2017-04-18
1130ab3e7a31,2017-03-23,2017-04-12,2017-04-18
e8179451f47a,2017-04-03,2017-04-12,2017-04-18
d66a8cbea431,2017-03-29,2017-04-12,2017-04-18
d7d62b8fddb9,2017-04-11,2017-04-12,2017-04-18
d9dd143d4cab,2017-04-17,2017-04-17,2017-04-18
36857b112a2a,2017-03-14,2017-04-12,2017-04-12
644ef0cecbb7,2017-03-30,2017-04-12,2017-04-18
02b64093a349,2017-04-01,2017-04-12,2017-04-18
8d3e9429b782,2017-04-15,2017-04-15,2017-04-18
baa46f4716dc,2017-04-17,2017-04-17,2017-04-18
6b8d80606e67,2017-03-14,2017-04-12,2017-04-13
e8cf4e8b0339,2017-04-07,2017-04-12,2017-04-18
29fbfc33498a,2017-03-17,2017-04-12,2017-04-16
46e63e89b134,2017-04-01,2017-04-12,2017-04-18
dea3d26c8c4f,2017-04-01,2017-04-12,2017-04-16
edd71184dadb,2017-03-20,2017-04-12,2017-04-18
38993c420f45,2017-04-04,2017-04-12,2017-04-16
44340ab63860,2017-04-11,2017-04-12,2017-04-18
09de7523a21d,2017-04-16,2017-04-16,2017-04-18
f7743c1827b1,2017-04-04,2017-04-12,2017-04-18
1e035767516f,2017-03-29,2017-04-12,2017-04-18
39641cb2f016,2017-03-16,2017-04-12,2017-04-15
54205628eed3,2017-04-09,2017-04-12,2017-04-18
5250c1bb61be,2017-04-03,2017-04-12,2017-04-18
371b09aeeb30,2017-04-01,2017-04-12,2017-04-18
ebb0194ec116,2017-03-22,2017-04-12,2017-04-18
929c4c725c38,2017-04-02,2017-04-12,2017-04-18
37004fa023ae,2017-03-31,2017-04-12,2017-04-18
a512a4601939,2017-03-30,2017-04-12,2017-04-18
d0f209846765,2017-04-04,2017-04-12,2017-04-18
5309b71840f5,2017-04-13,2017-04-13,2017-04-18
a5a8ffe01865,2017-03-13,2017-04-12,2017-04-12
372129d748c8,2017-03-19,2017-04-12,2017-04-18
03a39fdd54ed,2017-04-11,2017-04-12,2017-04-18
819efa7d164e,2017-04-10,2017-04-12,2017-04-18
07e8a042ab89,2017-04-01,2017-04-12,2017-04-18
0386e06b8c3d,2017-03-28,2017-04-12,2017-04-18
331aac1ee168,2017-04-13,2017-04-13,2017-04-18
9364c402aaae,2017-04-15,2017-04-15,2017-04-18
8ebd58991658,2017-04-18,2017-04-18,2017-04-18
20de23544e9f,2017-03-29,2017-04-12,2017-04-18
82ae85f8eb83,2017-04-08,2017-04-12,2017-04-18
8f8a35606d15,2017-04-10,2017-04-12,2017-04-18
5d475b7d595a,2017-04-11,2017-04-12,2017-04-18
27acd7c94b74,2017-04-09,2017-04-12,2017-04-18
b552f2ca9559,2017-04-09,2017-04-12,2017-04-18
3ecfaa71ff1c,2017-03-31,2017-04-12,2017-04-18
13309e0f4068,2017-03-15,2017-04-12,2017-04-14
a7f22d775f72,2017-03-30,2017-04-12,2017-04-18
aac4d805114b,2017-04-13,2017-04-13,2017-04-18
9a3ce9c5135a,2017-03-30,2017-04-12,2017-04-18
d94f2fdf02f0,2017-03-17,2017-04-12,2017-04-16
b08d4246392d,2017-03-19,2017-04-12,2017-04-17
c47c56548e34,2017-03-31,2017-04-12,2017-04-18
87b198276cc8,2017-04-09,2017-04-12,2017-04-18
24ae56cbef85,2017-04-01,2017-04-12,2017-04-18
58219ef064d5,2017-04-05,2017-04-12,2017-04-18
20587575b8db,2017-04-01,2017-04-12,2017-04-18
0795ca2db243,2017-04-16,2017-04-16,2017-04-18
712f42d056b1,2017-04-05,2017-04-12,2017-04-18
761d770d8bd4,2017-04-01,2017-04-12,2017-04-18
7df77478a7ee,2017-04-07,2017-04-12,2017-04-18
024a346a6ac4,2017-03-21,2017-04-12,2017-04-18
f8113a7db62b,2017-04-11,2017-04-12,2017-04-18
79c693248b6c,2017-03-23,2017-04-12,2017-04-18
f5b97edd54f5,2017-04-17,2017-04-17,2017-04-18
e8e5e9cf593d,2017-03-24,2017-04-12,2017-04-18
8e7f3d3c7fe1,2017-04-12,2017-04-12,2017-04-18
ac1dc49a6f54,2017-04-10,2017-04-12,2017-04-18
9b993ef17a4a,2017-04-02,2017-04-12,2017-04-18
d7b1d302fd43,2017-04-04,2017-04-12,2017-04-18
7f1826ff105f,2017-04-07,2017-04-12,2017-04-18
be4dd4083bb3,2017-04-09,2017-04-12,2017-04-18
2ff23fc98881,2017-04-09,2017-04-12,2017-04-18
69797f204734,2017-03-25,2017-04-12,2017-04-18
8c6ae1122dd3,2017-04-09,2017-04-12,2017-04-14
19a669b656f1,2017-03-18,2017-04-12,2017-04-17
cd0b8bf16011,2017-04-10,2017-04-12,2017-04-18
3c43deeba95b,2017-04-07,2017-04-12,2017-04-18
e1382a33d913,2017-04-14,2017-04-14,2017-04-18
8a70c5401eb9,2017-04-10,2017-04-12,2017-04-18
6d2db3950473,2017-04-03,2017-04-12,2017-04-18
ade60eedbb27,2017-04-18,2017-04-18,2017-04-18
3dd3508bc4f0,2017-04-11,2017-04-12,2017-04-18
7f9cd918b48e,2017-03-21,2017-04-12,2017-04-18
8c3158692e23,2017-04-03,2017-04-12,2017-04-18
53a99a6f0e7b,2017-03-31,2017-04-12,2017-04-18
a67c3892f0da,2017-03-28,2017-04-12,2017-04-13
e1e1df2639d2,2017-04-11,2017-04-12,2017-04-18
ab4975115f3c,2017-03-23,2017-04-12,2017-04-18
55b8d9abf352,2017-03-16,2017-04-12,2017-04-15
0ba12246d50d,2017-04-06,2017-04-12,2017-04-18
809f3661cccb,2017-03-31,2017-04-12,2017-04-18
2db083d9c3d4,2017-04-15,2017-04-15,2017-04-18
4ea0bd938e74,2017-04-09,2017-04-12,2017-04-18
1069c87dab4a,2017-04-17,2017-04-17,2017-04-18
403fedf17d44,2017-03-22,2017-04-12,2017-04-18
bcc26769db03,2017-03-15,2017-04-12,2017-04-14
cc8964703da8,2017-03-27,2017-04-12,2017-04-18
570f9453614b,2017-04-10,2017-04-12,2017-04-18
2a7e895605c3,2017-03-22,2017-04-12,2017-04-14
a86487444b3d,2017-03-14,2017-04-12,2017-04-13
0ad0578abbfc,2017-03-19,2017-04-12,2017-04-18
213ead3f2a23,2017-04-03,2017-04-12,2017-04-18
ed74c5538716,2017-03-26,2017-04-12,2017-04-18
0e5d77b8c377,2017-03-23,2017-04-12,2017-04-18
2209647d4b8a,2017-03-23,2017-04-12,2017-04-18
5ddae6995c93,2017-03-20,2017-04-12,2017-04-18
782fd29c7c52,2017-03-26,2017-04-12,2017-04-18
0d4a35464d67,2017-04-07,2017-04-12,2017-04-18
f8b72e27dedc,2017-04-18,2017-04-18,2017-04-18
3898ee9aa57e,2017-04-07,2017-04-12,2017-04-18
b0ed1e0d5ad9,2017-04-05,2017-04-12,2017-04-18
62bac12a93f0,2017-03-31,2017-04-12,2017-04-18
f52fabfdcc06,2017-04-15,2017-04-15,2017-04-18
1a0536d3d3f8,2017-04-09,2017-04-12,2017-04-18
e2e81f9ecc08,2017-03-21,2017-04-12,2017-04-18
016f6613bc80,2017-03-29,2017-04-12,2017-04-18
3458466560ac,2017-04-15,2017-04-15,2017-04-17
ba4d25ba8d4c,2017-03-16,2017-04-12,2017-04-15
22dfd83eb7f0,2017-04-05,2017-04-12,2017-04-18
10751c8effd4,2017-03-16,2017-04-12,2017-04-15
042ae719941e,2017-03-25,2017-04-12,2017-04-18
0e57512d8df9,2017-04-11,2017-04-12,2017-04-18
252a3cc95ebe,2017-04-14,2017-04-14,2017-04-18
af4579380805,2017-04-12,2017-04-12,2017-04-18
e4e8319e0529,2017-03-13,2017-04-12,2017-04-12
ea352e31103e,2017-04-01,2017-04-12,2017-04-18
c7bdba906f5d,2017-04-03,2017-04-12,2017-04-18
38c877f68828,2017-04-13,2017-04-13,2017-04-18
9c282fedc266,2017-03-26,2017-04-12,2017-04-18
cf607f45e4b2,2017-03-28,2017-04-12,2017-04-18
7eebf2f36cdb,2017-03-20,2017-04-12,2017-04-18
babc1bba0463,2017-03-27,2017-04-12,2017-04-18
fc3901410a7c,2017-04-03,2017-04-12,2017-04-18
c73010fb9109,2017-03-26,2017-04-12,2017-04-18
74931f700bf4,2017-04-03,2017-04-12,2017-04-18
f5065605661c,2017-03-18,2017-04-12,2017-04-17
e3f0ff95d0f3,2017-04-09,2017-04-12,2017-04-18
191ae96450ae,2017-04-15,2017-04-15,2017-04-17
661a7b9d1ab5,2017-03-17,2017-04-12,2017-04-16
83b23df41d94,2017-03-20,2017-04-12,2017-04-18
9589370ef4b4,2017-03-14,2017-04-12,2017-04-12
3c4d2be9d146,2017-04-05,2017-04-12,2017-04-18
f04782d75514,2017-03-30,2017-04-12,2017-04-18
479a52ad174c,2017-03-15,2017-04-12,2017-04-13
d32e0fce8f9e,2017-04-12,2017-04-12,2017-04-18
39830814ce8f,2017-04-14,2017-04-14,2017-04-17
8dec107807f1,2017-04-18,2017-04-18,2017-04-18
6cb387238272,2017-04-01,2017-04-12,2017-04-18
fa8810ebb009,2017-03-31,2017-04-12,2017-04-18
1448c8ad7f57,2017-03-31,2017-04-12,2017-04-18
eec78b2c19ab,2017-03-16,2017-04-12,2017-04-14
5154128de1e8,2017-04-11,2017-04-12,2017-04-18
c057863734c0,2017-03-19,2017-04-12,2017-04-17
52cc69499725,2017-03-21,2017-04-12,2017-04-18
ddc6743054f7,2017-03-17,2017-04-12,2017-04-16
672ca350b5cb,2017-04-12,2017-04-12,2017-04-18
cf63ad7969bc,2017-04-17,2017-04-17,2017-04-18
13061ca58783,2017-04-11,2017-04-12,2017-04-18
b9429e144c38,2017-03-27,2017-04-12,2017-04-18
867a629693de,2017-03-28,2017-04-12,2017-04-18
9266bb18482a,2017-04-06,2017-04-12,2017-04-18
7b294ae4ee49,2017-04-09,2017-04-12,2017-04-18
7df421b7f686,2017-04-03,2017-04-12,2017-04-18
0ffe4c141102,2017-04-08,2017-04-12,2017-04-18
fd4763c63551,2017-03-18,2017-04-12,2017-04-14
26921bc8d18c,2017-03-14,2017-04-12,2017-04-13
fbbd6b1fd2f2,2017-03-17,2017-04-12,2017-04-16
94356f6397ef,2017-03-29,2017-04-12,2017-04-18
10bf66ae963b,2017-03-16,2017-04-12,2017-04-14
3da9a14ec0ea,2017-03-27,2017-04-12,2017-04-18
02032816e666,2017-04-11,2017-04-12,2017-04-18
8b33de3e9b19,2017-03-26,2017-04-12,2017-04-18
a41520a03464,2017-04-11,2017-04-12,2017-04-18
96766644c103,2017-04-09,2017-04-12,2017-04-18
127c86f1f1a6,2017-04-17,2017-04-17,2017-04-18
5e95cfb58d1e,2017-03-28,2017-04-12,2017-04-18
2a29aa276d3d,2017-03-27,2017-04-12,2017-04-18
798bb0c443aa,2017-03-31,2017-04-12,2017-04-18
1fb879006e8a,2017-04-07,2017-04-12,2017-04-18
124e34431884,2017-04-11,2017-04-12,2017-04-18
550fd42fbfd8,2017-04-03,2017-04-12,2017-04-18
a000b332f716,2017-03-16,2017-04-12,2017-04-14
5e8c9e7d5cc7,2017-03-25,2017-04-12,2017-04-18
bd8fb0c9925c,2017-03-14,2017-04-12,2017-04-13
b33c41f44984,2017-04-05,2017-04-12,2017-04-18
b1957364d84d,2017-04-17,2017-04-17,2017-04-18
baeed49ea8bb,2017-03-22,2017-04-12,2017-04-18
412ef1b4537f,2017-03-20,2017-04-12,2017-04-18
6e7712db8c91,2017-04-18,2017-04-18,2017-04-18
19537587c977,2017-04-12,2017-04-12,2017-04-14
9203a2bf9ec5,2017-04-16,2017-04-16,2017-04-18
7761dac77973,2017-03-27,2017-04-12,2017-04-18
bd6d1ef4353c,2017-04-16,2017-04-16,2017-04-18
23806af9379a,2017-03-28,2017-04-12,2017-04-18
96cdf021f2cc,2017-03-17,2017-04-12,2017-04-16
2a86d425c25a,2017-03-22,2017-04-12,2017-04-18
2fcf4bdebe44,2017-03-20,2017-04-12,2017-04-18
63f961ccd291,2017-04-10,2017-04-12,2017-04-18
f34a4c9806b4,2017-04-17,2017-04-17,2017-04-18
6d4432e687c0,2017-04-04,2017-04-12,2017-04-18
3d636465633f,2017-04-14,2017-04-14,2017-04-18
fb9934f555b2,2017-04-18,2017-04-18,2017-04-18
17b2b883db1d,2017-04-09,2017-04-12,2017-04-18
de9f4969b891,2017-04-03,2017-04-12,2017-04-18
4a6275d2cf2f,2017-04-13,2017-04-13,2017-04-18
74e9e66b9806,2017-03-30,2017-04-12,2017-04-18
ccc76d714634,2017-03-14,2017-04-12,2017-04-12
25365752b1ed,2017-04-12,2017-04-12,2017-04-18
684ea5d47d1c,2017-04-12,2017-04-12,2017-04-18
7bc356a6d0da,2017-04-02,2017-04-12,2017-04-18
8a864d55b64c,2017-04-06,2017-04-12,2017-04-18
64b346a7fbd7,2017-03-30,2017-04-12,2017-04-18
168d63d0dbde,2017-03-31,2017-04-12,2017-04-18
1a108bc96831,2017-04-13,2017-04-13,2017-04-18
93d9200f1838,2017-03-30,2017-04-12,2017-04-18
d874be98362d,2017-04-07,2017-04-12,2017-04-18
923d56463780,2017-03-22,2017-04-12,2017-04-18
1b78ecdd4b9f,2017-04-05,2017-04-12,2017-04-18
8fcfac6089bf,2017-04-06,2017-04-12,2017-04-18
6435759c300c,2017-03-27,2017-04-12,2017-04-18
a18b37e80d21,2017-03-20,2017-04-12,2017-04-18
3bf208cb1dd1,2017-03-22,2017-04-12,2017-04-18
2ad4b1a52b0e,2017-03-13,2017-04-12,2017-04-12
7d5e9a8711a5,2017-03-14,2017-04-12,2017-04-13
143a85d86d44,2017-04-12,2017-04-12,2017-04-18
bc30bca8a9d3,2017-03-31,2017-04-12,2017-04-18
f8aa1358f275,2017-04-03,2017-04-12,2017-04-18
da48c3411b78,2017-04-04,2017-04-12,2017-04-18
55a725af3e43,2017-04-02,2017-04-12,2017-04-18
8956d21ba497,2017-04-01,2017-04-12,2017-04-18
c0960f43a4b3,2017-04-02,2017-04-12,2017-04-18
36d529a1bf6a,2017-04-05,2017-04-12,2017-04-18
82830dde3b44,2017-04-12,2017-04-13,2017-04-18
50579cd62a33,2017-03-28,2017-04-12,2017-04-18
dae182fe706c,2017-03-20,2017-04-12,2017-04-18
763411c89a51,2017-03-19,2017-04-12,2017-04-18
28162b31c641,2017-03-16,2017-04-12,2017-04-15
1a3f3430012d,2017-04-06,2017-04-12,2017-04-18
e8f67d40561d,2017-04-13,2017-04-13,2017-04-18
82e75ad2b4a8,2017-03-21,2017-04-12,2017-04-18
fb9896a47ff7,2017-03-27,2017-04-12,2017-04-18
fcae31abbed7,2017-03-28,2017-04-12,2017-04-18
f8cb1cb5510f,2017-04-13,2017-04-13,2017-04-18
d75a1544f9e2,2017-04-17,2017-04-17,2017-04-18
6649b5961537,2017-03-27,2017-04-12,2017-04-18
5e457c5400af,2017-03-17,2017-04-12,2017-04-16
478fe36e3c84,2017-04-01,2017-04-12,2017-04-18
2e1922972886,2017-03-24,2017-04-12,2017-04-18
72df77fb04f6,2017-03-18,2017-04-12,2017-04-17
1aeb734e67fd,2017-03-14,2017-04-12,2017-04-13
e2364b016b5d,2017-04-02,2017-04-12,2017-04-18
f2a6acb061e8,2017-03-23,2017-04-12,2017-04-18
5815898fd9d4,2017-03-25,2017-04-12,2017-04-18
79ffdeb636d8,2017-03-28,2017-04-12,2017-04-18
f446ede0bf09,2017-03-15,2017-04-12,2017-04-18
75acbfa80dd7,2017-03-24,2017-04-12,2017-04-18
723fc20ffca5,2017-04-11,2017-04-12,2017-04-18
dd46b70c08e6,2017-04-03,2017-04-12,2017-04-18
c9a28ac04395,2017-04-05,2017-04-12,2017-04-18
6ec0f3c5b479,2017-03-24,2017-04-12,2017-04-18
a38418b917f5,2017-04-05,2017-04-12,2017-04-18
5296b1c867d3,2017-04-05,2017-04-12,2017-04-18
b9b8d7f7754c,2017-03-30,2017-04-12,2017-04-16
f7255f11e09d,2017-03-28,2017-04-12,2017-04-18
92b56f5735ce,2017-04-10,2017-04-12,2017-04-18
e853701a6a5d,2017-04-09,2017-04-12,2017-04-18
297221bb478c,2017-03-27,2017-04-12,2017-04-18
848b2bde75d5,2017-03-25,2017-04-12,2017-04-18
b72767b7d02f,2017-04-07,2017-04-12,2017-04-18
c185aa87665c,2017-04-18,2017-04-18,2017-04-18
7869c0fc9f2d,2017-04-09,2017-04-12,2017-04-18
7ed15124ceaf,2017-03-26,2017-04-12,2017-04-18
9ebec70fe08f,2017-04-02,2017-04-12,2017-04-18
9e6d0b35c5d0,2017-04-02,2017-04-12,2017-04-18
65a65ae8db4a,2017-04-14,2017-04-14,2017-04-18
e26e5527123e,2017-03-16,2017-04-12,2017-04-15
90a3df763cbb,2017-03-29,2017-04-12,2017-04-18
8a94823aeac5,2017-04-03,2017-04-12,2017-04-18
6b61f43ce555,2017-03-28,2017-04-12,2017-04-18
95ca23a8d70c,2017-04-13,2017-04-13,2017-04-18
41f8e570756e,2017-03-17,2017-04-12,2017-04-16
18b3e6e2555f,2017-03-31,2017-04-12,2017-04-18
85b00a7b8382,2017-04-08,2017-04-12,2017-04-18
674e2fca177e,2017-04-03,2017-04-12,2017-04-18
5fcfa36d9b12,2017-04-10,2017-04-12,2017-04-18
7ea6cf032f27,2017-04-06,2017-04-12,2017-04-18
44db9cc5531c,2017-04-02,2017-04-12,2017-04-18
10e9df811169,2017-04-03,2017-04-12,2017-04-18
99c55680f0f6,2017-03-24,2017-04-12,2017-04-18
fcc20dd3ecc2,2017-04-12,2017-04-12,2017-04-18
6fdf6fdc91f4,2017-04-11,2017-04-12,2017-04-18
ddddfb7a31fe,2017-03-27,2017-04-12,2017-04-18
389a68ee7811,2017-03-19,2017-04-12,2017-04-18
1e96d22aa1bc,2017-03-20,2017-04-12,2017-04-18
fe1608825fc8,2017-03-17,2017-04-12,2017-04-16
515d47d294d4,2017-03-20,2017-04-12,2017-04-18
a61d75f6f8ce,2017-03-30,2017-04-12,2017-04-18
625648309fa2,2017-03-22,2017-04-12,2017-04-18
997f3be818ac,2017-03-14,2017-04-12,2017-04-13
923f89e6dd59,2017-04-15,2017-04-15,2017-04-18
af5e249d0398,2017-03-26,2017-04-12,2017-04-18
2811c554e941,2017-04-15,2017-04-15,2017-04-18
5df520ea6a8a,2017-04-10,2017-04-12,2017-04-18
793a95f3e84d,2017-04-06,2017-04-12,2017-04-18
fdf65f060080,2017-04-06,2017-04-12,2017-04-18
110355377b47,2017-03-16,2017-04-12,2017-04-14
87d34865cd20,2017-03-26,2017-04-12,2017-04-18
0a76799a49b9,2017-04-09,2017-04-12,2017-04-18
359e235917b8,2017-03-22,2017-04-12,2017-04-18
72c8cfcf9ddb,2017-03-30,2017-04-12,2017-04-18
aea881be96b2,2017-04-04,2017-04-12,2017-04-18
4584dab4682e,2017-04-05,2017-04-12,2017-04-18
3dc4e9b86a44,2017-03-25,2017-04-12,2017-04-18
37694eea2dd6,2017-03-16,2017-04-12,2017-04-14
ce3732447b67,2017-03-24,2017-04-12,2017-04-18
85829a8d1f0a,2017-04-14,2017-04-14,2017-04-18
5399eb032ca9,2017-04-17,2017-04-17,2017-04-18
b3fa109a8b1f,2017-03-24,2017-04-12,2017-04-18
f2fe8c81297e,2017-03-14,2017-04-12,2017-04-13
27e50ba73aeb,2017-03-15,2017-04-12,2017-04-13
5e50e991fba9,2017-04-08,2017-04-12,2017-04-18
bf5addf3753d,2017-04-13,2017-04-13,2017-04-18
92affa36abca,2017-04-09,2017-04-12,2017-04-18
efdf97c35200,2017-03-21,2017-04-12,2017-04-18
ccd3e36af2eb,2017-03-20,2017-04-12,2017-04-18
02da557075cd,2017-04-07,2017-04-12,2017-04-18
c3242c8f6d11,2017-03-16,2017-04-12,2017-04-15
807c6dc7befc,2017-04-07,2017-04-12,2017-04-18
0dc488d41dc1,2017-03-19,2017-04-12,2017-04-18
030f92a1f827,2017-04-13,2017-04-13,2017-04-18
e8df4f5c7358,2017-03-30,2017-04-12,2017-04-18
b57a302007c0,2017-04-11,2017-04-12,2017-04-18
0639ec1967ee,2017-04-16,2017-04-16,2017-04-18
b2694f7e40c8,2017-03-17,2017-04-12,2017-04-16
e7f2caecc9c5,2017-03-26,2017-04-12,2017-04-18
b87e604ae1f1,2017-04-11,2017-04-12,2017-04-18
e2ef5133ffc7,2017-04-12,2017-04-12,2017-04-18
9a9dc7dd77be,2017-04-10,2017-04-12,2017-04-18
9c2e75f40666,2017-04-18,2017-04-18,2017-04-18
87983659996d,2017-04-01,2017-04-12,2017-04-18
9ec3167f27db,2017-03-24,2017-04-12,2017-04-18
03cc54c9acbe,2017-04-07,2017-04-12,2017-04-18
76ca766577f9,2017-04-06,2017-04-12,2017-04-18
8a2152f087a1,2017-03-20,2017-04-12,2017-04-18
ca6eb4fdfb53,2017-03-21,2017-04-12,2017-04-18
9b2523dfc962,2017-03-15,2017-04-12,2017-04-14
fb92bf150d77,2017-03-22,2017-04-12,2017-04-18
0137dfe5f2f4,2017-04-01,2017-04-12,2017-04-18
ee857d6f03bf,2017-03-30,2017-04-12,2017-04-18
22f2972f7882,2017-04-01,2017-04-12,2017-04-18
6a72c5403071,2017-03-22,2017-04-12,2017-04-18
2a683227b5d3,2017-04-13,2017-04-13,2017-04-18
dceef67f4bef,2017-04-12,2017-04-12,2017-04-18
4dcc823343c2,2017-04-07,2017-04-12,2017-04-18
0ab218229b5b,2017-04-12,2017-04-12,2017-04-18
0960c7788f5f,2017-03-17,2017-04-12,2017-04-16
6b81f5f3cc09,2017-03-25,2017-04-12,2017-04-18
528f1de04034,2017-04-14,2017-04-14,2017-04-18
ad886cd34e68,2017-04-02,2017-04-12,2017-04-18
bd4b6cebeeb7,2017-04-06,2017-04-12,2017-04-18
30d9a672c999,2017-04-10,2017-04-12,2017-04-18
42698dcc9ba2,2017-04-11,2017-04-12,2017-04-18
221f298b4bee,2017-04-09,2017-04-12,2017-04-18
4e92656c8e29,2017-03-25,2017-04-12,2017-04-18
e41be7e96618,2017-03-27,2017-04-12,2017-04-18
88e7a5791c17,2017-03-21,2017-04-12,2017-04-18
e780072a0683,2017-03-29,2017-04-12,2017-04-18
970ae2c24a01,2017-04-16,2017-04-16,2017-04-18
50a4a81bb828,2017-04-07,2017-04-12,2017-04-18
3696c3c228b0,2017-03-18,2017-04-12,2017-04-17
804543603134,2017-03-21,2017-04-12,2017-04-18
13c15fa6d613,2017-03-20,2017-04-12,2017-04-18
9e7093b51bc3,2017-04-06,2017-04-12,2017-04-18
12a21ce37ce2,2017-04-10,2017-04-12,2017-04-18
130c6a920429,2017-03-20,2017-04-12,2017-04-18
e4c4f1db563c,2017-04-03,2017-04-12,2017-04-18
fbbe991c1c79,2017-04-02,2017-04-12,2017-04-18
c6e9621811d9,2017-03-25,2017-04-12,2017-04-18
ee82ad503f95,2017-03-27,2017-04-12,2017-04-18
8ce20b34e6f0,2017-04-07,2017-04-12,2017-04-18
46a6e0b653bc,2017-03-14,2017-04-12,2017-04-13
a9381c89a978,2017-04-01,2017-04-12,2017-04-18
5385261acbae,2017-04-09,2017-04-12,2017-04-18
b13138db0b32,2017-04-05,2017-04-12,2017-04-18
49864be889ae,2017-03-30,2017-04-12,2017-04-18
2c8bfcc60bf1,2017-04-03,2017-04-12,2017-04-18
a8e66bae866b,2017-03-20,2017-04-12,2017-04-18
fd82d4e74ab8,2017-04-01,2017-04-12,2017-04-18
8b1ac3b7c8b5,2017-04-09,2017-04-12,2017-04-18
c01e5ef4869f,2017-03-22,2017-04-12,2017-04-18
eeef00f12007,2017-03-23,2017-04-12,2017-04-18
138db8315c82,2017-04-11,2017-04-12,2017-04-18
5c5a6e18060c,2017-03-20,2017-04-12,2017-04-18
5b6fd5db326a,2017-04-08,2017-04-12,2017-04-18
d81298c6f2ab,2017-04-03,2017-04-12,2017-04-18
de59b8df59af,2017-04-09,2017-04-12,2017-04-18
eb145cbd3e8a,2017-03-26,2017-04-12,2017-04-18
4aeac1827909,2017-03-19,2017-04-12,2017-04-18
9b50bdefa4ab,2017-03-16,2017-04-12,2017-04-14
e1f7fa1ffef5,2017-03-22,2017-04-12,2017-04-18
0c71bf438d62,2017-03-25,2017-04-12,2017-04-18
e02dfea28d4d,2017-04-05,2017-04-12,2017-04-18
d6d5cc34e6bf,2017-04-13,2017-04-13,2017-04-18
c265825ca2df,2017-04-12,2017-04-12,2017-04-18
9114d0c77bd5,2017-04-14,2017-04-14,2017-04-18
d155ff894e02,2017-04-11,2017-04-12,2017-04-18
cacee902a9dc,2017-03-24,2017-04-12,2017-04-18
c8032af3f9de,2017-04-16,2017-04-16,2017-04-18
86b68ee57b41,2017-04-01,2017-04-12,2017-04-18
ac7ae30c4568,2017-04-03,2017-04-12,2017-04-18
562bdbc0e69c,2017-03-30,2017-04-12,2017-04-18
73414edb8bc9,2017-03-14,2017-04-12,2017-04-13
5f0319ab0ce1,2017-03-26,2017-04-12,2017-04-18
6c90b4e796df,2017-04-11,2017-04-12,2017-04-18
49b00a40869e,2017-04-10,2017-04-12,2017-04-18
cd1eac682a69,2017-03-25,2017-04-12,2017-04-18
4e8935750095,2017-04-12,2017-04-12,2017-04-18
8eb569022382,2017-03-29,2017-04-12,2017-04-18
c10ca3cd446d,2017-04-01,2017-04-12,2017-04-18
ec647b8c97f5,2017-04-13,2017-04-13,2017-04-18
469cd977ae90,2017-04-03,2017-04-12,2017-04-18
7fd731bc52cc,2017-04-12,2017-04-12,2017-04-17
7083b61871d2,2017-03-15,2017-04-12,2017-04-14
bc7f81fcbee7,2017-03-19,2017-04-12,2017-04-18
404bac256fb1,2017-03-31,2017-04-12,2017-04-18
b7584686a2e8,2017-04-08,2017-04-12,2017-04-18
1e6b7d9d9c66,2017-04-12,2017-04-12,2017-04-18
071529448300,2017-03-21,2017-04-12,2017-04-18
dd9461c9f462,2017-03-13,2017-04-12,2017-04-12
45cca65c7539,2017-04-10,2017-04-12,2017-04-18
c0c1510e9ac0,2017-04-04,2017-04-12,2017-04-18
e5df8c901c39,2017-04-14,2017-04-14,2017-04-18
de90ed4813fe,2017-03-28,2017-04-12,2017-04-18
b42f0bcf6fb7,2017-03-30,2017-04-12,2017-04-18
b3068b390086,2017-03-30,2017-04-12,2017-04-18
3cd47d31f9db,2017-03-31,2017-04-12,2017-04-18
4fee564891c5,2017-03-22,2017-04-12,2017-04-18
9156ce8913c7,2017-04-11,2017-04-12,2017-04-18
623d7b3412d1,2017-03-26,2017-04-12,2017-04-18
795e9f4db8fa,2017-04-09,2017-04-12,2017-04-18
2ead1eade420,2017-04-10,2017-04-12,2017-04-18
4f3ef7aa4b5a,2017-04-10,2017-04-12,2017-04-18
adb9f2a9155d,2017-03-15,2017-04-12,2017-04-13
e4e28d1cc050,2017-03-18,2017-04-12,2017-04-17
faf5807b1309,2017-04-04,2017-04-12,2017-04-18
70b2a0a979a1,2017-04-16,2017-04-16,2017-04-18
5797e5862753,2017-03-24,2017-04-12,2017-04-18
22ab09b24350,2017-04-17,2017-04-17,2017-04-18
7ebc132d0882,2017-04-06,2017-04-12,2017-04-18
5d8211049fda,2017-04-17,2017-04-17,2017-04-18
c4cefffc0cfd,2017-04-11,2017-04-12,2017-04-18
5787b90f47a5,2017-04-03,2017-04-12,2017-04-18
7360c28edf47,2017-04-07,2017-04-12,2017-04-18
ebcf0de76fbb,2017-03-19,2017-04-12,2017-04-18
a5914ec5e061,2017-04-06,2017-04-12,2017-04-18
5799f543809b,2017-03-26,2017-04-12,2017-04-18
d89374571115,2017-04-18,2017-04-18,2017-04-18
2e116b50e97d,2017-03-19,2017-04-12,2017-04-18
855986880a66,2017-03-16,2017-04-12,2017-04-15
4783d88084c6,2017-04-07,2017-04-12,2017-04-18
92768697da38,2017-03-20,2017-04-12,2017-04-18
c1feeb1abe4d,2017-03-29,2017-04-12,2017-04-18
5e8cba36e44f,2017-04-08,2017-04-12,2017-04-18
b63d8fec816e,2017-04-05,2017-04-12,2017-04-18
b08a0d2cc7bc,2017-03-28,2017-04-12,2017-04-18
722bf311271f,2017-04-11,2017-04-12,2017-04-12
4b1e5edf3ad6,2017-03-30,2017-04-12,2017-04-18
8dac92dc37f4,2017-03-30,2017-04-12,2017-04-18
ffaac2de9985,2017-03-24,2017-04-12,2017-04-16
6647f8f5a799,2017-03-28,2017-04-12,2017-04-18
46b72cac5085,2017-03-16,2017-04-12,2017-04-15
705cfdd5e264,2017-04-03,2017-04-12,2017-04-18
21e61b4af31f,2017-04-05,2017-04-12,2017-04-18
ce50a6e5f521,2017-04-10,2017-04-12,2017-04-18
479ba7f54477,2017-04-11,2017-04-12,2017-04-18
f0f57063f6ce,2017-03-28,2017-04-12,2017-04-18
c7e063364302,2017-03-18,2017-04-12,2017-04-17
96ed8e67e199,2017-04-12,2017-04-12,2017-04-18
06461af08a5c,2017-04-05,2017-04-12,2017-04-18
faf3ee1cd88b,2017-04-04,2017-04-12,2017-04-18
efda0ca7bf8a,2017-03-19,2017-04-12,2017-04-17
c8108a47451f,2017-04-10,2017-04-12,2017-04-18
403a45367857,2017-03-21,2017-04-12,2017-04-18
deb6ab75b188,2017-03-14,2017-04-12,2017-04-13
d3374bd52a81,2017-04-17,2017-04-17,2017-04-18
9b62d0c208cf,2017-03-26,2017-04-12,2017-04-18
7a0d11dda0ec,2017-03-28,2017-04-12,2017-04-18
09e318a19386,2017-04-10,2017-04-12,2017-04-18
afc1dc7a1bbb,2017-04-08,2017-04-12,2017-04-18
a2d84bf9b263,2017-02-17,2017-04-12,2017-04-18
2f3d420cfb62,2017-03-29,2017-04-12,2017-04-18
590186905074,2017-04-02,2017-04-12,2017-04-18
126e24707203,2017-04-04,2017-04-12,2017-04-18
f491e67c187b,2017-03-16,2017-04-12,2017-04-15
6ed57538fbda,2017-04-04,2017-04-12,2017-04-18
6bb3a8bd03a4,2017-03-26,2017-04-12,2017-04-18
c08b9c45978b,2017-04-03,2017-04-12,2017-04-18
ef0b28a1b563,2017-03-16,2017-04-12,2017-04-14
5e2246eb2bb8,2017-04-02,2017-04-12,2017-04-18
0e40962acb19,2017-04-16,2017-04-16,2017-04-18
485d99b8a864,2017-03-22,2017-04-12,2017-04-18
826b6302c2eb,2017-03-31,2017-04-12,2017-04-18
24ca9b9ce641,2017-04-13,2017-04-13,2017-04-18
1bfeea00dd53,2017-04-11,2017-04-12,2017-04-18
539fed2d99da,2017-04-13,2017-04-13,2017-04-18
f0cacd086e82,2017-03-27,2017-04-12,2017-04-18
9ad757e4a65b,2017-04-17,2017-04-17,2017-04-18
9f5969433cec,2017-03-22,2017-04-12,2017-04-18
50618a363569,2017-04-04,2017-04-12,2017-04-18
326a40ac581f,2017-04-10,2017-04-12,2017-04-18
799500200833,2017-03-19,2017-04-12,2017-04-18
f9790ac4ca56,2017-03-17,2017-04-12,2017-04-16
8be1d27733fd,2017-04-12,2017-04-12,2017-04-18
7070c11f0837,2017-03-27,2017-04-12,2017-04-18
238d8e2b890f,2017-03-29,2017-04-12,2017-04-18
4ff94994a6e4,2017-04-13,2017-04-13,2017-04-18
ed319ab91ec9,2017-04-16,2017-04-16,2017-04-18
340c1553d424,2017-04-06,2017-04-12,2017-04-18
97cf829e608c,2017-04-02,2017-04-12,2017-04-18
846911a36a72,2017-04-14,2017-04-14,2017-04-17
3dcdf08f5087,2017-03-18,2017-04-12,2017-04-17
1f928090d0b2,2017-03-14,2017-04-12,2017-04-13
c80e2a557a90,2017-03-23,2017-04-12,2017-04-18
0223eefa7dca,2017-03-20,2017-04-12,2017-04-18
47cde65dcd0e,2017-04-05,2017-04-12,2017-04-18
88f0d482f7d2,2017-04-13,2017-04-13,2017-04-18
2d317c4fe8d6,2017-03-19,2017-04-12,2017-04-18
965c0f603908,2017-03-27,2017-04-12,2017-04-18
4bbb5d7124d2,2017-03-22,2017-04-12,2017-04-18
69dfb5e8d3f4,2017-04-10,2017-04-12,2017-04-18
7cff09998946,2017-03-31,2017-04-12,2017-04-16
701962a83e9a,2017-04-18,2017-04-18,2017-04-18
c1a2d36dde74,2017-03-24,2017-04-12,2017-04-18
dde9c4f69d0f,2017-03-19,2017-04-12,2017-04-17
f7ad13cf4677,2017-03-31,2017-04-12,2017-04-13
91d75c4979fa,2017-04-13,2017-04-13,2017-04-18
57cd61cfa4e9,2017-04-05,2017-04-12,2017-04-18
ad67d019ab65,2017-03-23,2017-04-12,2017-04-18
183dab9bff4e,2017-03-16,2017-04-12,2017-04-15
8670fc8074f3,2017-03-14,2017-04-12,2017-04-13
2e3a9210727c,2017-03-15,2017-04-12,2017-04-14
52e08f3c3678,2017-03-30,2017-04-12,2017-04-18
3591e9748422,2017-04-14,2017-04-14,2017-04-18
0fc69c753f51,2017-03-21,2017-04-12,2017-04-18
3462ebbdf7d1,2017-04-07,2017-04-12,2017-04-18
744cc366d04a,2017-03-20,2017-04-12,2017-04-18
2e80ba1612ea,2017-04-07,2017-04-12,2017-04-18
6e89aa995195,2017-04-01,2017-04-12,2017-04-18
f1b23bbd3abf,2017-04-12,2017-04-12,2017-04-18
486310b85318,2017-03-19,2017-04-12,2017-04-18
d4e713a49cbb,2017-03-14,2017-04-12,2017-04-13
cf902135c579,2017-03-26,2017-04-12,2017-04-18
9bdb0c2dd3aa,2017-04-17,2017-04-17,2017-04-18
085af8b0d4f8,2017-04-06,2017-04-12,2017-04-18
adc40d19f208,2017-04-18,2017-04-18,2017-04-18
98b68f5f4b3f,2017-03-13,2017-04-12,2017-04-12
eca995f8041a,2017-04-08,2017-04-12,2017-04-18
e45b1b523fd7,2017-04-04,2017-04-12,2017-04-18
a5db085c1760,2017-04-17,2017-04-17,2017-04-18
bed25d094667,2017-04-11,2017-04-12,2017-04-18
563f76a66b1e,2017-03-26,2017-04-12,2017-04-18
41a8d1e48b18,2017-04-14,2017-04-14,2017-04-18
cc0dac608924,2017-04-12,2017-04-12,2017-04-18
f7b60384bc39,2017-04-05,2017-04-12,2017-04-18
4e82fa4865d0,2017-04-17,2017-04-17,2017-04-18
79f971678148,2017-03-21,2017-04-12,2017-04-18
15790a81a3d4,2017-03-22,2017-04-12,2017-04-18
f22909cd8861,2017-04-06,2017-04-12,2017-04-18
2983650c41d4,2017-03-18,2017-04-12,2017-04-17
9cda4bdd0a84,2017-03-29,2017-04-12,2017-04-18
49df8a7fec45,2017-03-27,2017-04-12,2017-04-18
067a0c085cd8,2017-03-15,2017-04-12,2017-04-13
e3310ba1b711,2017-04-01,2017-04-12,2017-04-18
446e734e4f45,2017-04-06,2017-04-12,2017-04-18
cc4b5b91aaa3,2017-04-08,2017-04-12,2017-04-18
e5f0551a2204,2017-04-02,2017-04-12,2017-04-18
07d25684d912,2017-04-12,2017-04-12,2017-04-13
4816e38023ec,2017-04-13,2017-04-13,2017-04-18
35ca94eda6a2,2017-03-29,2017-04-12,2017-04-18
452100a71ed8,2017-03-20,2017-04-12,2017-04-18
aa49837d0418,2017-04-02,2017-04-12,2017-04-18
b82df875857d,2017-03-13,2017-04-12,2017-04-12
d4920db5b970,2017-04-06,2017-04-12,2017-04-18
d3b7b1339379,2017-04-04,2017-04-12,2017-04-18
f1fbebf1f043,2017-04-06,2017-04-12,2017-04-18
33dbc5044715,2017-03-16,2017-04-12,2017-04-14
4768dd54cc32,2017-03-31,2017-04-12,2017-04-18
3c6aeb4d0c7c,2017-04-15,2017-04-15,2017-04-18
1a68692baf44,2017-04-17,2017-04-17,2017-04-18
4ae2aa9146ae,2017-04-15,2017-04-15,2017-04-18
b8d1e05b872f,2017-04-04,2017-04-12,2017-04-18
f156cc234a0a,2017-03-17,2017-04-12,2017-04-15
83c85774b054,2017-04-09,2017-04-12,2017-04-18
31e603c1fef1,2017-04-03,2017-04-12,2017-04-18
5ac585abcb14,2017-03-31,2017-04-12,2017-04-18
d343555b598d,2017-04-01,2017-04-12,2017-04-18
77132ba8ea6d,2017-03-27,2017-04-12,2017-04-18
6a2b0dc988e9,2017-03-26,2017-04-12,2017-04-18
e6ac0d951fc9,2017-03-31,2017-04-12,2017-04-18
85d500a45153,2017-04-15,2017-04-15,2017-04-18
4b0808ed4b9a,2017-03-28,2017-04-12,2017-04-18
b2d04e0179c0,2017-04-07,2017-04-12,2017-04-18
d2ed5994deb5,2017-03-30,2017-04-12,2017-04-18
f7ef72ea5633,2017-04-07,2017-04-12,2017-04-18
5e4398b90901,2017-04-04,2017-04-12,2017-04-18
02b2084a9885,2017-04-05,2017-04-12,2017-04-18
797a94cc5b01,2017-03-21,2017-04-12,2017-04-18
9c734d145b0e,2017-03-14,2017-04-12,2017-04-13
23d80dc6c623,2017-03-29,2017-04-12,2017-04-18
d1eb2bdd75fb,2017-04-07,2017-04-12,2017-04-18
f83a1ae95048,2017-03-19,2017-04-12,2017-04-18
0a5e2b284b3d,2017-04-08,2017-04-12,2017-04-18
ab0c65b34055,2017-03-15,2017-04-12,2017-04-13
245ab0c65139,2017-04-04,2017-04-12,2017-04-18
1755592d4fab,2017-03-19,2017-04-12,2017-04-18
e4e72bbf69e7,2017-04-11,2017-04-12,2017-04-18
a172e2bc55ac,2017-03-16,2017-04-12,2017-04-14
440b765fd863,2017-04-08,2017-04-12,2017-04-18
7217bc0bb6b8,2017-04-12,2017-04-12,2017-04-18
4ee6fefeca31,2017-03-23,2017-04-12,2017-04-18
d0a315be93bb,2017-03-30,2017-04-12,2017-04-18
d018346799b9,2017-04-05,2017-04-12,2017-04-18
fe5a58298c98,2017-04-10,2017-04-12,2017-04-18
061025d60406,2017-03-16,2017-04-12,2017-04-15
f4e2f933c0cf,2017-04-13,2017-04-13,2017-04-18
0d104acd1701,2017-04-01,2017-04-12,2017-04-18
954ba5928c9b,2017-03-14,2017-04-12,2017-04-13
c02096352095,2017-03-24,2017-04-12,2017-04-18
7a25ffdd3622,2017-03-26,2017-04-12,2017-04-18
5f175a6049ce,2017-03-14,2017-04-12,2017-04-12
9354c46c77e1,2017-04-10,2017-04-12,2017-04-18
870459893086,2017-03-29,2017-04-12,2017-04-18
1004749e4e88,2017-03-14,2017-04-12,2017-04-13
fa0def542b00,2017-04-03,2017-04-12,2017-04-18
a8c5dfc35bef,2017-04-06,2017-04-12,2017-04-18
e0765757b18f,2017-04-08,2017-04-12,2017-04-18
00dc2a0e5c06,2017-03-16,2017-04-12,2017-04-14
9170fb76d00f,2017-03-24,2017-04-12,2017-04-18
c5f0210eaeb6,2017-03-25,2017-04-12,2017-04-18
81c3f63f1fe6,2017-03-31,2017-04-12,2017-04-18
2b046a929847,2017-04-14,2017-04-14,2017-04-18
b0d598892686,2017-03-15,2017-04-12,2017-04-13
2f99b7c79806,2017-03-29,2017-04-12,2017-04-18
2fe4bdff3eb9,2017-03-27,2017-04-12,2017-04-18
487bc988b95d,2017-03-27,2017-04-12,2017-04-18
e3ace02dd657,2017-04-01,2017-04-12,2017-04-18
5a7df10d9238,2017-03-19,2017-04-12,2017-04-18
1f85912d6cff,2017-03-28,2017-04-12,2017-04-18
bf7a40b78640,2017-03-22,2017-04-12,2017-04-18
0611d92562cc,2017-03-31,2017-04-12,2017-04-18
1e80f186d4c7,2017-04-05,2017-04-12,2017-04-18
66619ed21c9a,2017-03-20,2017-04-12,2017-04-18
bb81ac3022b0,2017-04-17,2017-04-17,2017-04-18
b64b6e18dcf7,2017-04-10,2017-04-12,2017-04-18
ffac140c2447,2017-04-10,2017-04-12,2017-04-18
b753a974d2a1,2017-04-04,2017-04-12,2017-04-18
b469a0eb07dd,2017-03-17,2017-04-12,2017-04-16
d5c3c8d3bc0b,2017-03-13,2017-04-12,2017-04-12
691322bb6f24,2017-04-12,2017-04-12,2017-04-16
3fca70446572,2017-03-18,2017-04-12,2017-04-17
2e3a210f2c54,2017-03-31,2017-04-12,2017-04-18
cf90562e5fbd,2017-04-12,2017-04-12,2017-04-18
cfdbdc41b80f,2017-03-31,2017-04-12,2017-04-18
2f15b92e4a49,2017-03-18,2017-04-12,2017-04-16
8a1bbba91aaa,2017-04-09,2017-04-12,2017-04-18
99ae24bff51b,2017-03-20,2017-04-12,2017-04-18
95e3363bb680,2017-04-08,2017-04-12,2017-04-18
03c1ec13c327,2017-03-24,2017-04-12,2017-04-18
8bb35aa19fbd,2017-04-17,2017-04-17,2017-04-18
30a033e4b394,2017-03-25,2017-04-12,2017-04-18
84be2c48ec1d,2017-03-25,2017-04-12,2017-04-18
b58689cd7840,2017-03-18,2017-04-12,2017-04-17
a44179ce7ac3,2017-03-31,2017-04-12,2017-04-18
c21919ac2fb1,2017-03-30,2017-04-12,2017-04-18
ff166597400d,2017-03-28,2017-04-12,2017-04-18
20a475879bbc,2017-03-17,2017-04-12,2017-04-16
6daba5e9b9e3,2017-03-18,2017-04-12,2017-04-17
c99d659e41a4,2017-03-23,2017-04-12,2017-04-18
a4b2c8fae285,2017-03-14,2017-04-12,2017-04-13
3902efe2f26d,2017-04-04,2017-04-12,2017-04-18
4e88b373353e,2017-04-17,2017-04-17,2017-04-18
275c7b9a8cab,2017-04-17,2017-04-17,2017-04-18
443ccdcf9bc2,2017-03-29,2017-04-12,2017-04-13
d9d6d6134fb1,2017-03-25,2017-04-12,2017-04-18
d82bee765966,2017-03-26,2017-04-12,2017-04-18
77c37c03235f,2017-04-17,2017-04-17,2017-04-18
ef9ba55e25c2,2017-04-10,2017-04-12,2017-04-18
e7ea203c463d,2017-04-11,2017-04-12,2017-04-18
6ce5fff4a9ca,2017-03-23,2017-04-12,2017-04-18
39be1799943a,2017-03-26,2017-04-12,2017-04-18
0c835d74ac4e,2017-04-02,2017-04-12,2017-04-18
1f0563df3cea,2017-04-04,2017-04-12,2017-04-18
4d76b425108b,2017-03-20,2017-04-12,2017-04-18
f4be757fbdb6,2017-03-25,2017-04-12,2017-04-18
cb8c9b5d1977,2017-03-22,2017-04-12,2017-04-18
de22c49fad78,2017-04-14,2017-04-14,2017-04-18
e6744fb2b85b,2017-04-02,2017-04-12,2017-04-18
f7c6928dbfa0,2017-04-02,2017-04-12,2017-04-18
69007072aef3,2017-03-14,2017-04-12,2017-04-13
d0065e9d67fc,2017-04-17,2017-04-17,2017-04-18
cc92c575f8cd,2017-03-25,2017-04-12,2017-04-18
f5476334ea99,2017-03-20,2017-04-12,2017-04-18
5edf19a3772e,2017-04-02,2017-04-12,2017-04-18
aab2064c9f8c,2017-04-04,2017-04-12,2017-04-18
d8a32ecf7d01,2017-04-17,2017-04-17,2017-04-18
68a9336b5917,2017-03-30,2017-04-12,2017-04-18
d802dbd1142c,2017-02-18,2017-04-12,2017-04-18
bacb5ca7b221,2017-04-12,2017-04-12,2017-04-18
195111a4eb74,2017-04-11,2017-04-12,2017-04-18
21b0d5fbca89,2017-04-15,2017-04-15,2017-04-18
608b94a773f4,2017-04-09,2017-04-12,2017-04-15
76c470438552,2017-04-05,2017-04-12,2017-04-18
a6f80eb1a581,2017-04-09,2017-04-12,2017-04-18
5170ced17e86,2017-03-20,2017-04-12,2017-04-18
a01cc90ca035,2017-03-24,2017-04-12,2017-04-18
9780645c0c29,2017-04-15,2017-04-15,2017-04-18
c64b7ec9105c,2017-04-17,2017-04-17,2017-04-18
d270a837576e,2017-04-07,2017-04-12,2017-04-18
fe759071d71d,2017-03-26,2017-04-12,2017-04-18
dc93113b81e9,2017-04-07,2017-04-12,2017-04-18
27c3f525146a,2017-04-08,2017-04-12,2017-04-18
51ad8133c558,2017-03-16,2017-04-12,2017-04-15
6151bc763e34,2017-04-06,2017-04-12,2017-04-18
176bc5e30b99,2017-03-29,2017-04-12,2017-04-18
ff92de39affc,2017-04-05,2017-04-12,2017-04-18
e0c2dcfcca53,2017-04-17,2017-04-17,2017-04-18
29373bed0d81,2017-04-18,2017-04-18,2017-04-18
a36c81df8d22,2017-04-13,2017-04-13,2017-04-18
b76edefa7af0,2017-03-24,2017-04-12,2017-04-18
c265694340cd,2017-04-03,2017-04-12,2017-04-18
ec6ac941453c,2017-03-07,2017-04-12,2017-04-17
d0046b00eea8,2017-03-20,2017-04-12,2017-04-18
82acbe18b40c,2017-04-16,2017-04-16,2017-04-18
803e82b01486,2017-04-11,2017-04-12,2017-04-18
782ea99c8483,2017-04-01,2017-04-12,2017-04-18
d56d2a6e5c40,2017-03-20,2017-04-12,2017-04-18
6b2658bc5f1c,2017-04-08,2017-04-12,2017-04-18
46e2b0070d0f,2017-04-11,2017-04-12,2017-04-18
ef4580df3345,2017-03-20,2017-04-12,2017-04-18
34eb610d5912,2017-03-27,2017-04-12,2017-04-18
ba8e35316070,2017-04-09,2017-04-12,2017-04-18
a8aaeb3c1182,2017-04-12,2017-04-12,2017-04-18
bdea0b9f13dd,2017-04-02,2017-04-12,2017-04-18
e7786aefede3,2017-04-15,2017-04-15,2017-04-18
bc0bad237dd1,2017-03-24,2017-04-12,2017-04-18
4f778c68a122,2017-04-07,2017-04-12,2017-04-18
4acf9a5bbabe,2017-04-10,2017-04-12,2017-04-18
6904e41239b6,2017-04-12,2017-04-12,2017-04-18
106d1d25f0d5,2017-03-25,2017-04-12,2017-04-18
d50766e345e5,2017-03-28,2017-04-12,2017-04-18
910b1593a082,2017-03-31,2017-04-12,2017-04-18
5ebf291a4db3,2017-04-10,2017-04-12,2017-04-18
0514afd841b9,2017-04-12,2017-04-12,2017-04-18
c27da774b027,2017-03-21,2017-04-12,2017-04-18
d35e5edb61c3,2017-04-09,2017-04-12,2017-04-18
3dcb200e4f18,2017-03-30,2017-04-12,2017-04-18
aa6517487310,2017-03-22,2017-04-12,2017-04-18
af537424fc81,2017-04-09,2017-04-12,2017-04-18
f4a2e7b5254c,2017-04-04,2017-04-12,2017-04-18
e235a9e7f7c3,2017-03-14,2017-04-12,2017-04-13
9174cc618f83,2017-03-30,2017-04-12,2017-04-18
4c892be6de04,2017-04-14,2017-04-14,2017-04-18
6804d32266f3,2017-04-12,2017-04-12,2017-04-13
1f603d0de3fa,2017-03-22,2017-04-12,2017-04-18
19ddad0dd9bf,2017-03-19,2017-04-12,2017-04-18
c0c4f107d713,2017-04-01,2017-04-12,2017-04-18
d5dcce72656e,2017-03-20,2017-04-12,2017-04-18
079b4371734a,2017-04-04,2017-04-12,2017-04-18
74ae54cf9860,2017-03-14,2017-04-12,2017-04-13
404b2348e729,2017-04-17,2017-04-17,2017-04-18
42f0464bde88,2017-04-02,2017-04-12,2017-04-18
c090f42495be,2017-04-17,2017-04-17,2017-04-18
f1fcb0916601,2017-03-16,2017-04-12,2017-04-14
962227e760a8,2017-03-28,2017-04-12,2017-04-18
0c6bd2858377,2017-03-21,2017-04-12,2017-04-18
bd5586d50953,2017-04-12,2017-04-12,2017-04-18
69b053668bdd,2017-04-14,2017-04-14,2017-04-18
7304a30d849a,2017-04-03,2017-04-12,2017-04-18
ab90ce053533,2017-03-26,2017-04-12,2017-04-18
aa36fd8de1d3,2017-03-17,2017-04-12,2017-04-15
697f6dfb6e09,2017-04-07,2017-04-12,2017-04-18
1a462ecbc093,2017-03-17,2017-04-12,2017-04-13
9c5211ab7955,2017-03-22,2017-04-12,2017-04-18
d5884938a96a,2017-04-16,2017-04-16,2017-04-18
caf0602b7ce4,2017-04-13,2017-04-13,2017-04-18
242f84cadeb4,2017-03-26,2017-04-12,2017-04-18
89bb15a9af89,2017-03-26,2017-04-12,2017-04-18
2864ea3b76db,2017-03-30,2017-04-12,2017-04-18
0f3bef9833b7,2017-03-18,2017-04-12,2017-04-16
147eac35c42b,2017-03-16,2017-04-12,2017-04-14
5c93942b4035,2017-04-09,2017-04-12,2017-04-18
16145c07e699,2017-04-05,2017-04-12,2017-04-18
edfda43a2a1f,2017-03-13,2017-04-12,2017-04-12
a4a796b4807b,2017-03-30,2017-04-12,2017-04-18
d49690682e2a,2017-04-15,2017-04-15,2017-04-18
e85f353d3131,2017-04-07,2017-04-12,2017-04-18
8f3bbdf7c032,2017-04-07,2017-04-12,2017-04-18
cf2a5c2e627b,2017-03-14,2017-04-12,2017-04-13
6f261f346592,2017-04-16,2017-04-16,2017-04-18
466b85a4d2f6,2017-04-07,2017-04-12,2017-04-18
502b9aca90e0,2017-04-14,2017-04-14,2017-04-18
ff991298cc92,2017-04-02,2017-04-12,2017-04-18
4950ea6c1e0a,2017-03-31,2017-04-12,2017-04-18
36debe671bbf,2017-04-09,2017-04-12,2017-04-18
e9df531e4864,2017-04-03,2017-04-12,2017-04-18
3787e9b7b6d5,2017-04-02,2017-04-12,2017-04-18
e9ab47e7f82a,2017-04-02,2017-04-12,2017-04-18
94813b20d73c,2017-03-26,2017-04-12,2017-04-18
44ca190b3cc6,2017-04-15,2017-04-15,2017-04-18
f8126321d8da,2017-03-24,2017-04-12,2017-04-18
809cd05569b9,2017-04-05,2017-04-12,2017-04-18
f00b057092f6,2017-04-09,2017-04-12,2017-04-18
0992bfee4086,2017-04-09,2017-04-12,2017-04-18
2a8223f097ac,2017-03-22,2017-04-12,2017-04-18
49fe95c66228,2017-04-10,2017-04-12,2017-04-18
a9c727759a3c,2017-04-01,2017-04-12,2017-04-18
9af011d0efb8,2017-03-16,2017-04-12,2017-04-15
a3d51e9a6bdf,2017-04-07,2017-04-12,2017-04-18
41259745bd02,2017-04-15,2017-04-15,2017-04-18
3bd81612c932,2017-04-08,2017-04-12,2017-04-18
bc72f5ec746f,2017-04-10,2017-04-12,2017-04-18
877b8ae6d2b9,2017-04-09,2017-04-12,2017-04-18
2e7017fcc2fa,2017-03-25,2017-04-12,2017-04-18
00478b5382a5,2017-03-16,2017-04-12,2017-04-15
fc07f41b382f,2017-04-07,2017-04-12,2017-04-18
fa7f861bca38,2017-03-23,2017-04-12,2017-04-18
8579762be6bd,2017-03-26,2017-04-12,2017-04-18
1099204523a1,2017-03-19,2017-04-12,2017-04-18
49ab6eb44beb,2017-04-16,2017-04-16,2017-04-18
1e8b40a210d4,2017-04-16,2017-04-16,2017-04-18
a3eb4d70526a,2017-04-16,2017-04-16,2017-04-18
a4b6576500c0,2017-04-04,2017-04-12,2017-04-18
faeafe124eef,2017-04-11,2017-04-12,2017-04-18
1c2cce322805,2017-03-30,2017-04-12,2017-04-18
a122953aa4f7,2017-03-19,2017-04-12,2017-04-18
6e96e287dd44,2017-04-03,2017-04-12,2017-04-18
955c20ddedc2,2017-04-14,2017-04-14,2017-04-18
2650c4cdf65a,2017-04-08,2017-04-12,2017-04-18
8a51ebd0ddfb,2017-04-13,2017-04-13,2017-04-18
67930f1d8b8d,2017-04-07,2017-04-12,2017-04-18
c29aeaa9d532,2017-04-02,2017-04-12,2017-04-18
ee94a6475fe7,2017-03-22,2017-04-12,2017-04-18
0ededa7751d2,2017-03-24,2017-04-12,2017-04-18
bee94520294e,2017-04-06,2017-04-12,2017-04-18
9504b61415ca,2017-04-18,2017-04-18,2017-04-18
46dc938bc157,2017-03-22,2017-04-12,2017-04-18
8d2b921cd642,2017-04-14,2017-04-14,2017-04-18
e4105ef6d14f,2017-03-26,2017-04-12,2017-04-18
bcbc601e8bb1,2017-03-19,2017-04-12,2017-04-18
4468448373c2,2017-04-12,2017-04-12,2017-04-18
42c78d502212,2017-04-07,2017-04-12,2017-04-18
c7162c32c61b,2017-03-29,2017-04-12,2017-04-18
55e16fbb2d2b,2017-03-28,2017-04-12,2017-04-18
b231f21ecb51,2017-04-15,2017-04-15,2017-04-18
e08a90fb6e6d,2017-04-14,2017-04-14,2017-04-18
e722cd6903e7,2017-04-11,2017-04-12,2017-04-18
1651772ebe63,2017-04-11,2017-04-12,2017-04-18
f1f0262f538a,2017-03-18,2017-04-12,2017-04-17
c3bcb5234ba3,2017-04-11,2017-04-12,2017-04-18
ae9e063da620,2017-03-23,2017-04-12,2017-04-18
dc5af04ba276,2017-04-07,2017-04-12,2017-04-18
f0f0aa6dda98,2017-03-18,2017-04-12,2017-04-17
f500efdd9161,2017-04-13,2017-04-13,2017-04-18
d3cb49fa4bce,2017-03-27,2017-04-12,2017-04-18
ed1d25740a99,2017-04-16,2017-04-16,2017-04-18
43b19b160bfd,2017-03-17,2017-04-12,2017-04-16
db4641ff93d8,2017-04-09,2017-04-12,2017-04-18
abd19ad647e9,2017-04-04,2017-04-12,2017-04-18
9810fdc3a050,2017-04-17,2017-04-17,2017-04-18
5e494460b7d4,2017-03-30,2017-04-12,2017-04-18
f9aab0a1561c,2017-03-28,2017-04-12,2017-04-18
2a3ea847a59e,2017-04-13,2017-04-13,2017-04-18
546f95245f93,2017-04-06,2017-04-12,2017-04-18
ae7ade0ed6f8,2017-03-26,2017-04-12,2017-04-18
a8a3f59f6677,2017-03-16,2017-04-12,2017-04-14
0843374ab7e7,2017-04-04,2017-04-12,2017-04-18
06737eda6dca,2017-04-10,2017-04-12,2017-04-18
fa180d551afb,2017-04-03,2017-04-12,2017-04-18
02ed24fe4dba,2017-03-23,2017-04-12,2017-04-18
ace56fb530d0,2017-03-14,2017-04-12,2017-04-13
2a521145ba77,2017-03-24,2017-04-12,2017-04-18
663a0d0df34d,2017-04-07,2017-04-12,2017-04-18
d1b218282ead,2017-04-16,2017-04-16,2017-04-18
e6f79e3d1934,2017-03-31,2017-04-12,2017-04-18
fec7861437ea,2017-04-09,2017-04-12,2017-04-18
8f798e2071a6,2017-04-05,2017-04-12,2017-04-18
95a0c276b3e8,2017-04-08,2017-04-12,2017-04-18
ce3734aa2548,2017-04-16,2017-04-16,2017-04-18
aaafb45967be,2017-04-16,2017-04-16,2017-04-18
080810c05294,2017-03-17,2017-04-12,2017-04-16
810654081036,2017-03-19,2017-04-12,2017-04-18
2b0f41d9b7cc,2017-03-21,2017-04-12,2017-04-18
c7c2d0fc8fab,2017-04-09,2017-04-12,2017-04-18
f81444edfdba,2017-03-17,2017-04-12,2017-04-15
b1646b124cc3,2017-03-19,2017-04-12,2017-04-18
dd999a41d582,2017-03-14,2017-04-12,2017-04-13
630f325e5aec,2017-03-13,2017-04-12,2017-04-12
1235accdb24a,2017-04-10,2017-04-12,2017-04-13
abacd05666d2,2017-04-08,2017-04-12,2017-04-18
7f7cfa28baae,2017-03-28,2017-04-12,2017-04-18
222e90a3d809,2017-03-17,2017-04-12,2017-04-16
ee1cb2ef6894,2017-04-03,2017-04-12,2017-04-18
c540fd61a18b,2017-04-11,2017-04-12,2017-04-18
4bea12183106,2017-03-26,2017-04-12,2017-04-18
8b1f82ccdb01,2017-03-14,2017-04-12,2017-04-13
04a3eca99c10,2017-04-12,2017-04-12,2017-04-18
12b3a566f12e,2017-04-08,2017-04-12,2017-04-18
932310545edd,2017-04-06,2017-04-12,2017-04-15
9f4150d15bd1,2017-03-14,2017-04-12,2017-04-13
0f21bd0d4e3f,2017-03-27,2017-04-12,2017-04-18
8c6d39b0daa3,2017-04-04,2017-04-12,2017-04-18
06a19ecd9878,2017-03-16,2017-04-12,2017-04-15
833d559fac6e,2017-04-13,2017-04-13,2017-04-18
0f1c8bf5fc26,2017-03-14,2017-04-12,2017-04-13
6e70e8cfe7c2,2017-04-15,2017-04-15,2017-04-18
51e05490b893,2017-03-15,2017-04-12,2017-04-13
5c9e185b7eb3,2017-04-13,2017-04-13,2017-04-18
fc9b078e9339,2017-04-14,2017-04-14,2017-04-18
2875f5f3fedc,2017-03-27,2017-04-12,2017-04-18
01310b600050,2017-03-01,2017-04-12,2017-04-18
816439ea6bfb,2017-04-15,2017-04-15,2017-04-18
972c4d5b41ea,2017-03-29,2017-04-12,2017-04-18
5da5dc6bebe2,2017-04-04,2017-04-12,2017-04-18
e91ef0f18a7f,2017-04-14,2017-04-14,2017-04-18
ac22996f402b,2017-03-16,2017-04-12,2017-04-14
68638ba8c7a9,2017-03-13,2017-04-12,2017-04-12
1b2bca8fb939,2017-04-09,2017-04-12,2017-04-18
8827b6e6c4d9,2017-03-19,2017-04-12,2017-04-18
3e061c492c9a,2017-03-18,2017-04-12,2017-04-16
82839ef67b76,2017-04-13,2017-04-13,2017-04-18
893f637d2274,2017-03-16,2017-04-12,2017-04-15
c04dc83cacb7,2017-03-30,2017-04-12,2017-04-18
695727b6a27c,2017-03-15,2017-04-12,2017-04-13
c488ad6a0c6d,2017-03-29,2017-04-12,2017-04-18
34234e52d530,2017-03-26,2017-04-12,2017-04-18
de192c56dc4b,2017-03-17,2017-04-12,2017-04-16
2ca666ffa23b,2017-03-27,2017-04-12,2017-04-18
3e3366acc294,2017-04-12,2017-04-12,2017-04-18
cbf98e52c30b,2017-04-10,2017-04-12,2017-04-18
2a069e90287e,2017-03-30,2017-04-12,2017-04-18
c90dfb8362b6,2017-03-26,2017-04-12,2017-04-18
d0ac9613fc3f,2017-04-16,2017-04-16,2017-04-18
917a068d2074,2017-03-25,2017-04-12,2017-04-18
02ef5fdb6085,2017-03-23,2017-04-12,2017-04-18
7323795e6c73,2017-04-11,2017-04-12,2017-04-18
a966024e13f8,2017-04-14,2017-04-14,2017-04-18
0d03e2263d59,2017-04-02,2017-04-12,2017-04-18
52313341e65c,2017-04-10,2017-04-12,2017-04-18
4d080ca43047,2017-03-13,2017-04-12,2017-04-12
73e994f9828e,2017-04-11,2017-04-12,2017-04-18
3909ec237cbc,2017-03-13,2017-04-12,2017-04-12
5695f57bd88b,2017-03-15,2017-04-12,2017-04-14
0bc39751fe78,2017-04-09,2017-04-12,2017-04-18
e2d97d1ab1f1,2017-03-22,2017-04-12,2017-04-18
bd2e923947b6,2017-04-07,2017-04-12,2017-04-17
e1645fc73a63,2017-04-13,2017-04-13,2017-04-18
068a971d5777,2017-04-04,2017-04-12,2017-04-18
dcb9d10f6dd4,2017-03-19,2017-04-12,2017-04-18
60447cb3e326,2017-04-16,2017-04-16,2017-04-18
78c1856f073a,2017-04-18,2017-04-18,2017-04-18
c1e4a926a248,2017-04-13,2017-04-13,2017-04-18
26095eab8578,2017-04-15,2017-04-15,2017-04-18
50fa1c070e29,2017-03-20,2017-04-12,2017-04-18
fbe737f4b377,2017-04-09,2017-04-12,2017-04-18
28840b29a5bc,2017-04-10,2017-04-12,2017-04-18
9688c4a1071e,2017-03-24,2017-04-12,2017-04-18
a60b55362ab7,2017-04-14,2017-04-14,2017-04-18
55bb6e8b2718,2017-04-06,2017-04-12,2017-04-18
e42f8ce4d5d4,2017-03-26,2017-04-12,2017-04-18
5148e3e07d2d,2017-03-16,2017-04-12,2017-04-15
717575e5f926,2017-04-09,2017-04-12,2017-04-18
d476be340d70,2017-03-14,2017-04-12,2017-04-13
5106aa23cf06,2017-04-11,2017-04-12,2017-04-18
cadb9bf3319e,2017-03-18,2017-04-12,2017-04-17
a613f4cccd03,2017-04-01,2017-04-12,2017-04-18
717c824c9892,2017-03-22,2017-04-12,2017-04-18
7992e9a2b109,2017-04-09,2017-04-12,2017-04-18
e538bc8739ac,2017-04-05,2017-04-12,2017-04-18
fe92b2a868cc,2017-03-22,2017-04-12,2017-04-18
9fdc4069151c,2017-04-04,2017-04-12,2017-04-18
63a9ea2879b0,2017-03-13,2017-04-12,2017-04-12
3e556a70f85b,2017-04-15,2017-04-15,2017-04-16
964c631ff28c,2017-04-06,2017-04-12,2017-04-18
df3eef85f54f,2017-03-19,2017-04-12,2017-04-18
984ba7eb24f4,2017-03-19,2017-04-12,2017-04-18
6a5865990f2f,2017-04-07,2017-04-12,2017-04-18
2bc2327c8849,2017-04-03,2017-04-12,2017-04-18
c166e0c45eac,2017-03-29,2017-04-12,2017-04-18
3a4378d70f78,2017-03-17,2017-04-12,2017-04-16
112e3b94af74,2017-03-28,2017-04-12,2017-04-18
5a352fc53e65,2017-03-22,2017-04-12,2017-04-18
e31844d203f8,2017-03-18,2017-04-12,2017-04-17
cd3cad4680ee,2017-03-23,2017-04-12,2017-04-18
f1e1f3f764fd,2017-04-01,2017-04-12,2017-04-18
2913dd89e0c8,2017-03-18,2017-04-12,2017-04-17
fa052dd27c09,2017-03-21,2017-04-12,2017-04-18
a6a9bc50227f,2017-04-06,2017-04-12,2017-04-18
0a52c4101b2d,2017-03-23,2017-04-12,2017-04-18
d75d28c3c0c9,2017-03-29,2017-04-12,2017-04-18
96d42f8e25e5,2017-04-06,2017-04-12,2017-04-18
5b7e73bcd96e,2017-03-15,2017-04-12,2017-04-14
5532e70810f1,2017-04-07,2017-04-12,2017-04-18
bf21606bc3b1,2017-04-03,2017-04-12,2017-04-18
905d2fdfa214,2017-04-03,2017-04-12,2017-04-18
3630b8740d1c,2017-04-15,2017-04-15,2017-04-18
ba426138e52a,2017-04-13,2017-04-13,2017-04-18
2a5b656d78c8,2017-03-20,2017-04-12,2017-04-17
b0ca9d8ab1f0,2017-04-13,2017-04-13,2017-04-18
e1554f92eca9,2017-03-22,2017-04-12,2017-04-18
88fed141388b,2017-04-17,2017-04-17,2017-04-18
e719e21cdc63,2017-04-15,2017-04-15,2017-04-18
2976fe7ae695,2017-04-15,2017-04-15,2017-04-18
39b9b7340dc8,2017-04-18,2017-04-18,2017-04-18
c125322f3ca6,2017-04-08,2017-04-12,2017-04-18
948ffc12a42a,2017-04-08,2017-04-12,2017-04-18
78ec043947ac,2017-04-05,2017-04-12,2017-04-18
de6503a7c496,2017-03-22,2017-04-12,2017-04-18
bffd444abf3a,2017-03-28,2017-04-12,2017-04-18
0391b5c338b8,2017-03-19,2017-04-12,2017-04-18
5301205cd4e9,2017-03-20,2017-04-12,2017-04-18
2e388a9c7d79,2017-04-15,2017-04-15,2017-04-18
e75d7035bc96,2017-03-20,2017-04-12,2017-04-18
3be2b53fa263,2017-03-25,2017-04-12,2017-04-18
6f7b016406f3,2017-03-25,2017-04-12,2017-04-18
e726e42a7d0e,2017-03-26,2017-04-12,2017-04-18
86ea82bd5580,2017-03-27,2017-04-12,2017-04-18
8ef3c4a900b9,2017-03-25,2017-04-12,2017-04-18
e82b43b63c7f,2017-03-14,2017-04-12,2017-04-12
267af5de4817,2017-03-26,2017-04-12,2017-04-18
f474eb6210c4,2017-03-16,2017-04-12,2017-04-15
f141425c6325,2017-03-29,2017-04-12,2017-04-18
19df8805d23c,2017-04-01,2017-04-12,2017-04-18
f877e9929f69,2017-03-29,2017-04-12,2017-04-18
ae008ed4d777,2017-04-09,2017-04-12,2017-04-18
11d8e748ec1a,2017-04-13,2017-04-13,2017-04-15
922384a3a7c6,2017-04-09,2017-04-12,2017-04-18
08a98fff0932,2017-03-24,2017-04-12,2017-04-18
bb906e01b222,2017-04-01,2017-04-12,2017-04-18
3c91e3eb31af,2017-03-15,2017-04-12,2017-04-13
9c6913ad58c1,2017-03-26,2017-04-12,2017-04-18
d2016088cdbb,2017-03-16,2017-04-12,2017-04-15
a11a013fa771,2017-04-08,2017-04-12,2017-04-18
95334b9de06f,2017-04-07,2017-04-12,2017-04-18
abb1f2b6370d,2017-03-16,2017-04-12,2017-04-15
668957e5b5ac,2017-04-13,2017-04-13,2017-04-18
a8ed5db6fef7,2017-03-16,2017-04-12,2017-04-15
fef419e9f4c2,2017-04-07,2017-04-12,2017-04-18
5a9106e53dfb,2017-04-11,2017-04-12,2017-04-18
12f773a4cb83,2017-03-25,2017-04-12,2017-04-18
1d384a47c6da,2017-04-07,2017-04-12,2017-04-18
ed75ba5a27f4,2017-04-17,2017-04-17,2017-04-18
251ab38e878b,2017-03-27,2017-04-12,2017-04-18
a9c3a706ecdd,2017-03-21,2017-04-12,2017-04-18
2ec45477f4c4,2017-04-08,2017-04-12,2017-04-18
b99f121df74c,2017-03-23,2017-04-12,2017-04-18
8fe39896c958,2017-04-11,2017-04-12,2017-04-18
72b3ec10b6c4,2017-04-01,2017-04-12,2017-04-18
e489e388cd40,2017-04-08,2017-04-12,2017-04-18
88fa30cf129d,2017-04-01,2017-04-12,2017-04-18
eb0839bdd316,2017-04-13,2017-04-13,2017-04-18
ac2ab99a97d7,2017-04-12,2017-04-12,2017-04-18
b524c8f7f152,2017-04-15,2017-04-15,2017-04-18
17e61f0b730b,2017-03-31,2017-04-12,2017-04-18
601db95d2b92,2017-03-17,2017-04-12,2017-04-16
7ad673fa0d20,2017-03-14,2017-04-12,2017-04-12
3c42b8be428e,2017-03-26,2017-04-12,2017-04-18
d9d5a7ef5f57,2017-04-09,2017-04-12,2017-04-18
f094ee9f149f,2017-04-06,2017-04-12,2017-04-18
a0bd0566033c,2017-04-13,2017-04-13,2017-04-18
4465150c3260,2017-04-12,2017-04-12,2017-04-18
d77dcec6d10c,2017-03-15,2017-04-12,2017-04-14
b84aae0cc34a,2017-03-29,2017-04-12,2017-04-18
decf99e659cb,2017-04-15,2017-04-15,2017-04-18
085b91f230b1,2017-03-25,2017-04-12,2017-04-18
4ab563c0142a,2017-04-04,2017-04-12,2017-04-18
09ce84d1d55d,2017-04-09,2017-04-12,2017-04-18
969a56dd1338,2017-04-03,2017-04-12,2017-04-13
a466daa0a676,2017-04-05,2017-04-12,2017-04-18
cb3fba7d7196,2017-04-02,2017-04-12,2017-04-18
47c505a28567,2017-04-12,2017-04-12,2017-04-18
47805afda10e,2017-04-17,2017-04-17,2017-04-18
8b878ca8d8d9,2017-04-05,2017-04-12,2017-04-18
666d2e4b146f,2017-04-04,2017-04-12,2017-04-18
926ead249bf4,2017-04-18,2017-04-18,2017-04-18
03f1ce2bd835,2017-04-08,2017-04-12,2017-04-18
06d13a55f82a,2017-03-31,2017-04-12,2017-04-18
41c842eb1352,2017-03-16,2017-04-12,2017-04-15
57a07f8c2024,2017-03-17,2017-04-12,2017-04-15
cb3204df6fd7,2017-04-07,2017-04-12,2017-04-18
720431a69e4c,2017-03-23,2017-04-12,2017-04-18
c0740261dcfa,2017-04-03,2017-04-12,2017-04-18
4f27f9cbefe0,2017-04-14,2017-04-14,2017-04-18
f41a479264c6,2017-03-28,2017-04-12,2017-04-18
359476ae5e78,2017-03-14,2017-04-12,2017-04-13
06c6bd11496b,2017-04-06,2017-04-12,2017-04-18
86b2ea52b22b,2017-03-16,2017-04-12,2017-04-15
34803e0f4e53,2017-04-06,2017-04-12,2017-04-18
55828b59fd65,2017-03-26,2017-04-12,2017-04-18
8c0eff1c11b4,2017-03-24,2017-04-12,2017-04-18
298b72e79744,2017-04-18,2017-04-18,2017-04-18
cb68c700a7e7,2017-03-30,2017-04-12,2017-04-18
35c28564ed47,2017-04-06,2017-04-12,2017-04-18
2f29e593f813,2017-03-17,2017-04-12,2017-04-16
43c5d9ac0fc9,2017-03-18,2017-04-12,2017-04-17
42508db93af4,2017-03-14,2017-04-12,2017-04-13
be598242ab92,2017-03-22,2017-04-12,2017-04-18
552255454a04,2017-03-30,2017-04-12,2017-04-18
e5bc06690148,2017-04-04,2017-04-12,2017-04-18
29129f85b7ed,2017-04-11,2017-04-12,2017-04-18
c78687cdaa39,2017-03-24,2017-04-12,2017-04-18
a9f73603a099,2017-04-12,2017-04-12,2017-04-18
677b59ad23d0,2017-04-08,2017-04-12,2017-04-18
ec8be6e39431,2017-03-16,2017-04-12,2017-04-15
adc87bb9940f,2017-04-13,2017-04-13,2017-04-18
add98e693c41,2017-03-21,2017-04-12,2017-04-18
76ce2cd585fb,2017-04-06,2017-04-12,2017-04-18
6f4f2b581d0d,2017-04-15,2017-04-15,2017-04-18
85decda63ca7,2017-04-07,2017-04-12,2017-04-18
cd4e2fa3717d,2017-04-06,2017-04-12,2017-04-18
25725fc9cb4f,2017-03-18,2017-04-12,2017-04-17
f019f200debf,2017-04-06,2017-04-12,2017-04-18
50c24808ebfe,2017-04-13,2017-04-13,2017-04-18
bf7c707154df,2017-04-12,2017-04-12,2017-04-18
7dcf3e1f7e0c,2017-04-14,2017-04-14,2017-04-18
cde180ee675e,2017-04-13,2017-04-13,2017-04-18
e661592fc32a,2017-03-16,2017-04-12,2017-04-15
e4f09c61df9a,2017-03-29,2017-04-12,2017-04-18
7872068e00b5,2017-04-01,2017-04-12,2017-04-18
e619885aff07,2017-03-24,2017-04-12,2017-04-18
44bbe68bf17d,2017-04-03,2017-04-12,2017-04-18
199e553d8abf,2017-03-16,2017-04-12,2017-04-15
da6bce4d12d0,2017-04-17,2017-04-17,2017-04-18
25fd9a096366,2017-04-02,2017-04-12,2017-04-18
cf1ac9874cca,2017-04-07,2017-04-12,2017-04-18
4f961ea2738a,2017-04-11,2017-04-12,2017-04-18
ca840d917feb,2017-04-16,2017-04-16,2017-04-18
88d54f28d182,2017-03-30,2017-04-12,2017-04-18
43cbbe784c74,2017-04-13,2017-04-13,2017-04-18
4863317285b9,2017-03-22,2017-04-12,2017-04-18
3f7f099a4029,2017-03-20,2017-04-12,2017-04-18
9ad9e42365bb,2017-03-19,2017-04-12,2017-04-18
0b11f6f671f9,2017-03-29,2017-04-12,2017-04-18
15e3d80345a8,2017-04-09,2017-04-12,2017-04-18
ff597b415a72,2017-03-27,2017-04-12,2017-04-18
4700b7920d3c,2017-03-20,2017-04-12,2017-04-18
03d4bd653e0e,2017-04-09,2017-04-12,2017-04-18
ef1edc2c8ef7,2017-04-10,2017-04-12,2017-04-18
76dfda98da98,2017-04-18,2017-04-18,2017-04-18
d1cf3cae33f7,2017-04-03,2017-04-12,2017-04-18
265b14c022de,2017-03-24,2017-04-12,2017-04-18
a2dda48d6b71,2017-04-07,2017-04-12,2017-04-18
a8b80d180b29,2017-03-23,2017-04-12,2017-04-18
0c9213df3dab,2017-03-28,2017-04-12,2017-04-18
96b7377e3b8d,2017-03-31,2017-04-12,2017-04-18
1148c96014c4,2017-04-04,2017-04-12,2017-04-18
7e267bf61809,2017-04-09,2017-04-12,2017-04-18
ace2638689bf,2017-03-15,2017-04-12,2017-04-13
79bca908fdc3,2017-04-09,2017-04-12,2017-04-18
b69f8cd7010c,2017-03-27,2017-04-12,2017-04-18
de002940b794,2017-04-06,2017-04-12,2017-04-18
0daa1abca016,2017-04-03,2017-04-12,2017-04-18
67376c6ea10b,2017-04-05,2017-04-12,2017-04-18
bb9909f4a179,2017-04-14,2017-04-14,2017-04-18
a5bb43c7e23f,2017-03-26,2017-04-12,2017-04-18
4e12ebfa6539,2017-03-29,2017-04-12,2017-04-18
93fb8338b6ac,2017-03-29,2017-04-12,2017-04-18
51973d03fcf8,2017-03-14,2017-04-12,2017-04-12
f99269920727,2017-04-01,2017-04-12,2017-04-18
15977a418988,2017-04-11,2017-04-12,2017-04-18
6fd5d1810587,2017-03-31,2017-04-12,2017-04-18
e086892a6bb4,2017-04-14,2017-04-14,2017-04-18
37cb18eea4d7,2017-04-06,2017-04-12,2017-04-18
24182bf37e58,2017-03-25,2017-04-12,2017-04-18
3548ef9b6a0b,2017-04-03,2017-04-12,2017-04-18
3cbb81d4c357,2017-03-14,2017-04-12,2017-04-13
b111691d3649,2017-03-17,2017-04-12,2017-04-16
fd754f20d1db,2017-04-07,2017-04-12,2017-04-18
70b07681dbd5,2017-03-30,2017-04-12,2017-04-18
f1187f82fd36,2017-04-18,2017-04-18,2017-04-18
97c54f26770e,2017-04-11,2017-04-12,2017-04-18
4c86629377f0,2017-03-30,2017-04-12,2017-04-18
3a3512a2421e,2017-03-23,2017-04-12,2017-04-18
90ee261629a0,2017-03-17,2017-04-12,2017-04-16
f47a027f9945,2017-04-16,2017-04-16,2017-04-18
00c7c35b285e,2017-04-04,2017-04-12,2017-04-18
f7c2432fc4f6,2017-04-14,2017-04-14,2017-04-18
2de1c422ecec,2017-03-28,2017-04-12,2017-04-18
c06fda7b3536,2017-04-04,2017-04-12,2017-04-18
6d81ea9732ec,2017-04-12,2017-04-12,2017-04-18
0eff49d1d56d,2017-04-09,2017-04-12,2017-04-18
97a293f8ba29,2017-03-20,2017-04-12,2017-04-18
4adbb6c51616,2017-04-12,2017-04-12,2017-04-18
c47bac31c3b3,2017-04-11,2017-04-12,2017-04-18
c9b5a0a768e0,2017-04-06,2017-04-12,2017-04-18
2db0cacb86bc,2017-04-07,2017-04-12,2017-04-18
912e917a9d2c,2017-04-16,2017-04-16,2017-04-18
32286675ee97,2017-03-29,2017-04-12,2017-04-18
8da5c1de4733,2017-04-10,2017-04-12,2017-04-18
c79941dac46d,2017-04-05,2017-04-12,2017-04-18
702ea1ecb834,2017-04-11,2017-04-12,2017-04-18
2e79604e4dfc,2017-03-28,2017-04-12,2017-04-18
88d3d9138410,2017-03-29,2017-04-12,2017-04-18
b38f8d94dd76,2017-03-28,2017-04-12,2017-04-18
a5d80ae97382,2017-03-31,2017-04-12,2017-04-18
96ef8287a153,2017-03-22,2017-04-12,2017-04-18
7936782dca2b,2017-03-20,2017-04-12,2017-04-18
322c240091d6,2017-04-05,2017-04-12,2017-04-18
b304741a1a2e,2017-03-21,2017-04-12,2017-04-18
cfaef913a4c7,2017-04-14,2017-04-14,2017-04-18
7db40dada36f,2017-04-10,2017-04-12,2017-04-18
3ca9a4032325,2017-03-30,2017-04-12,2017-04-18
1fba1410a7aa,2017-04-17,2017-04-17,2017-04-18
1abb86ae7b01,2017-03-28,2017-04-12,2017-04-18
5c487dad136b,2017-04-17,2017-04-17,2017-04-18
0db2c3f84b27,2017-03-31,2017-04-12,2017-04-18
37093ba1a9b5,2017-04-12,2017-04-12,2017-04-18
eb6b5c5e2ff2,2017-04-11,2017-04-12,2017-04-18
23dcd986ab5a,2017-03-25,2017-04-12,2017-04-18
ec26873e1fba,2017-04-05,2017-04-12,2017-04-18
3044ffc4bb26,2017-04-11,2017-04-12,2017-04-18
f6845358e8a5,2017-03-31,2017-04-12,2017-04-18
1d88989aa474,2017-03-31,2017-04-12,2017-04-18
5ddb2af9f3b0,2017-04-13,2017-04-13,2017-04-13
b9543c452bf7,2017-03-24,2017-04-12,2017-04-18
721346d0960f,2017-04-11,2017-04-12,2017-04-18
ffe2ae081d82,2017-04-17,2017-04-17,2017-04-18
b7d56ed88bb1,2017-03-21,2017-04-12,2017-04-18
0a158b1641b4,2017-03-23,2017-04-12,2017-04-18
05e7fd8d28e4,2017-04-11,2017-04-12,2017-04-16
e1d06ffb9d02,2017-04-04,2017-04-12,2017-04-18
1f9d54d9a6a2,2017-04-02,2017-04-12,2017-04-18
97b9340e75c3,2017-03-18,2017-04-12,2017-04-16
f053abc7f825,2017-03-20,2017-04-12,2017-04-18
540a22b3e637,2017-03-20,2017-04-12,2017-04-18
55515ece5432,2017-04-08,2017-04-12,2017-04-18
4a99f27ebff1,2017-04-02,2017-04-12,2017-04-18
f9fdc84ba370,2017-03-15,2017-04-12,2017-04-14
1128bb516b5e,2017-03-20,2017-04-12,2017-04-18
6be4fcdf3cf8,2017-03-14,2017-04-12,2017-04-13
dc37a2df065d,2017-04-06,2017-04-12,2017-04-18
96192b867e02,2017-03-14,2017-04-12,2017-04-13
bb3ac8544839,2017-04-18,2017-04-18,2017-04-18
c9c0578bd1f2,2017-03-24,2017-04-12,2017-04-18
13cd0ad15931,2017-03-13,2017-04-12,2017-04-12
b25c25bc1189,2017-04-17,2017-04-17,2017-04-18
00f9555e5af4,2017-04-06,2017-04-12,2017-04-18
acaf1335c62e,2017-03-16,2017-04-12,2017-04-14
1ec656d870c4,2017-04-14,2017-04-14,2017-04-18
ec632bec2449,2017-04-02,2017-04-12,2017-04-18
92023beb9980,2017-04-10,2017-04-12,2017-04-18
6a6a8f8e2148,2017-03-30,2017-04-12,2017-04-18
50b5988abe5c,2017-04-14,2017-04-14,2017-04-18
599451e1ff77,2017-04-01,2017-04-12,2017-04-18
cf5aedb7e230,2017-04-03,2017-04-12,2017-04-18
9d16b52c96f6,2017-03-26,2017-04-12,2017-04-18
c63ba5f33129,2017-03-23,2017-04-12,2017-04-18
eb51f127ce0b,2017-03-20,2017-04-12,2017-04-18
8555662b3f93,2017-03-29,2017-04-12,2017-04-18
2004314657db,2017-04-11,2017-04-12,2017-04-18
bad451f49a94,2017-03-17,2017-04-12,2017-04-15
b521871c71a6,2017-03-16,2017-04-12,2017-04-14
8ae7a2a35c49,2017-04-04,2017-04-12,2017-04-15
3790c535ff6b,2017-03-27,2017-04-12,2017-04-18
c4346e65ae93,2017-04-17,2017-04-17,2017-04-18
314e88591130,2017-04-02,2017-04-12,2017-04-18
27509f43dde6,2017-03-18,2017-04-12,2017-04-17
51e60a4708a5,2017-03-15,2017-04-12,2017-04-14
7dcd6596bcba,2017-03-27,2017-04-12,2017-04-18
2c5177ac0560,2017-04-09,2017-04-12,2017-04-18
12fd6a2b5d4a,2017-04-09,2017-04-12,2017-04-18
0eb718046436,2017-03-30,2017-04-12,2017-04-18
123248594658,2017-04-10,2017-04-12,2017-04-18
2f2ad2d1afe3,2017-04-06,2017-04-12,2017-04-18
daa28e931b0f,2017-04-17,2017-04-17,2017-04-18
30e76fa20c8d,2017-03-20,2017-04-12,2017-04-18
84a31ff18286,2017-03-14,2017-04-12,2017-04-13
eeb265080aaf,2017-03-28,2017-04-12,2017-04-18
e104abbf3ea3,2017-03-17,2017-04-12,2017-04-16
93c0572575e3,2017-04-16,2017-04-16,2017-04-18
977467415648,2017-03-22,2017-04-12,2017-04-18
af7c46e2386f,2017-04-02,2017-04-12,2017-04-18
10b65dca7217,2017-03-15,2017-04-12,2017-04-13
49483fe318a5,2017-04-02,2017-04-12,2017-04-18
13ffcc9e7b2d,2017-03-16,2017-04-12,2017-04-15
a55a9bfbe823,2017-04-08,2017-04-12,2017-04-18
92bd3032fd13,2017-04-14,2017-04-14,2017-04-18
ba6b97747e23,2017-04-13,2017-04-13,2017-04-18
33a0c630a8e7,2017-04-01,2017-04-12,2017-04-18
05baedbbcaa1,2017-04-01,2017-04-12,2017-04-18
35862e5e4c39,2017-04-05,2017-04-12,2017-04-18
47fc7c3cfcea,2017-04-10,2017-04-12,2017-04-18
d0d3dbfaa062,2017-03-29,2017-04-12,2017-04-18
26bc52e24b87,2017-04-17,2017-04-17,2017-04-18
d4f1a3aaf69e,2017-04-10,2017-04-12,2017-04-18
3b8e4e986b54,2017-04-15,2017-04-15,2017-04-18
e1d456a664be,2017-04-13,2017-04-13,2017-04-18
14a8aeaa09cd,2017-03-27,2017-04-12,2017-04-18
4bbc05e563bb,2017-03-19,2017-04-12,2017-04-17
19de252b330d,2017-03-31,2017-04-12,2017-04-18
142b6e9ee33c,2017-04-10,2017-04-12,2017-04-18
3453f7d434b9,2017-03-24,2017-04-12,2017-04-18
a099246e0da1,2017-04-03,2017-04-12,2017-04-18
bb45cf1279a7,2017-04-08,2017-04-12,2017-04-18
c752c45a53b5,2017-03-16,2017-04-12,2017-04-15
4cce66b4eec9,2017-04-05,2017-04-12,2017-04-18
86b19b594542,2017-04-01,2017-04-12,2017-04-18
12e81dd281b7,2017-04-06,2017-04-12,2017-04-18
2603bf03a9bf,2017-03-17,2017-04-12,2017-04-15
35331eaea519,2017-03-30,2017-04-12,2017-04-18
a0794b14e162,2017-04-07,2017-04-12,2017-04-18
1a7a3145ddda,2017-03-15,2017-04-12,2017-04-14
974bb2db5cd6,2017-03-20,2017-04-12,2017-04-18
019c66f52a38,2017-04-10,2017-04-12,2017-04-18
92773fd68ff1,2017-04-11,2017-04-12,2017-04-18
6aa8ce307182,2017-04-11,2017-04-12,2017-04-18
b1a5153333d5,2017-03-16,2017-04-12,2017-04-15
aa98b2e400fc,2017-04-11,2017-04-12,2017-04-18
702bc2369298,2017-03-15,2017-04-12,2017-04-14
13f5301f1e70,2017-04-03,2017-04-12,2017-04-16
982b8ce2f42c,2017-04-09,2017-04-12,2017-04-18
1db916f0bd28,2017-04-16,2017-04-16,2017-04-18
ff2fb7a6b383,2017-04-13,2017-04-13,2017-04-18
85c78c350001,2017-04-13,2017-04-13,2017-04-18
cbb4dcf1d5a4,2017-04-12,2017-04-12,2017-04-18
2ae9f7f97da2,2017-03-19,2017-04-12,2017-04-18
670de10510a3,2017-03-24,2017-04-12,2017-04-18
b814b93e51a1,2017-04-17,2017-04-17,2017-04-18
674cac29f458,2017-03-17,2017-04-12,2017-04-16
2a7aa0298dc5,2017-04-05,2017-04-12,2017-04-18
38a98b4c1ccc,2017-03-17,2017-04-12,2017-04-16
253afb96bd1a,2017-03-28,2017-04-12,2017-04-18
ee516f6d1c54,2017-03-14,2017-04-12,2017-04-13
db224505b2f3,2017-04-16,2017-04-16,2017-04-18
c83f3ca41056,2017-03-28,2017-04-12,2017-04-18
67d31d92b902,2017-03-17,2017-04-12,2017-04-16
3a503df2eee2,2017-04-10,2017-04-12,2017-04-18
64ebcdac0a77,2017-03-29,2017-04-12,2017-04-14
6c1787af4480,2017-04-01,2017-04-12,2017-04-18
964e1fe090a6,2017-04-11,2017-04-12,2017-04-18
17d45374e901,2017-03-31,2017-04-12,2017-04-18
9ec0ded5055f,2017-04-07,2017-04-12,2017-04-18
b1063c509a5e,2017-03-16,2017-04-12,2017-04-15
e4674428c753,2017-04-03,2017-04-12,2017-04-18
0c78c399457c,2017-03-22,2017-04-12,2017-04-18
9f6368abf824,2017-03-16,2017-04-12,2017-04-15
7c60770baa0d,2017-04-13,2017-04-13,2017-04-18
65b83ec77bb7,2017-04-16,2017-04-16,2017-04-18
e804df6aaaf7,2017-04-02,2017-04-12,2017-04-18
c08581d3c80b,2017-04-11,2017-04-12,2017-04-18
9d099911ca4d,2017-04-17,2017-04-17,2017-04-18
1e6673f52c56,2017-03-19,2017-04-12,2017-04-17
88efb1c99ec1,2017-03-29,2017-04-12,2017-04-18
9e832e805246,2017-04-12,2017-04-12,2017-04-18
2cd6967d4137,2017-04-14,2017-04-14,2017-04-18
cf95af5a07d8,2017-03-28,2017-04-12,2017-04-18
8b26b8702144,2017-04-03,2017-04-12,2017-04-18
47dea3b5af85,2017-04-01,2017-04-12,2017-04-18
8acefff26436,2017-04-11,2017-04-12,2017-04-18
f1db6081016a,2017-04-14,2017-04-14,2017-04-18
bb0650b44ee5,2017-04-13,2017-04-13,2017-04-18
38ed32c5cb67,2017-03-18,2017-04-12,2017-04-16
1caf52b960a7,2017-03-21,2017-04-12,2017-04-18
16e9d31dc884,2017-04-11,2017-04-12,2017-04-18
8bf955ea4353,2017-03-17,2017-04-12,2017-04-16
5d77b8f5911d,2017-04-10,2017-04-12,2017-04-18
fe9dbbffc9c4,2017-03-17,2017-04-12,2017-04-15
f148a87911f4,2017-04-01,2017-04-12,2017-04-18
8a7c21ac4acc,2017-04-16,2017-04-16,2017-04-18
b5f33bfb873e,2017-04-16,2017-04-16,2017-04-18
83ff4fbfd3cf,2017-04-07,2017-04-12,2017-04-18
54f2a4163cf9,2017-04-12,2017-04-12,2017-04-18
4c45cb90e942,2017-04-11,2017-04-12,2017-04-18
fc483953c2aa,2017-04-17,2017-04-17,2017-04-18
ef5dedd0e718,2017-03-31,2017-04-12,2017-04-18
cab317ff237d,2017-04-04,2017-04-12,2017-04-18
57ad17cfd902,2017-04-07,2017-04-12,2017-04-18
925dea37fa02,2017-04-01,2017-04-12,2017-04-18
20a8ebe3f761,2017-04-18,2017-04-18,2017-04-18
1457ee673cad,2017-04-17,2017-04-17,2017-04-18
04501c79756b,2017-04-03,2017-04-12,2017-04-18
b8d08d2978a5,2017-04-03,2017-04-12,2017-04-18
828c77b4ebe3,2017-03-23,2017-04-12,2017-04-18
085a007e2999,2017-04-11,2017-04-12,2017-04-18
568ce9dd48e7,2017-04-09,2017-04-12,2017-04-18
7c1048358cee,2017-04-08,2017-04-12,2017-04-18
58df4da55032,2017-04-05,2017-04-12,2017-04-18
fcd57cbfcc23,2017-04-10,2017-04-12,2017-04-18
37bc20232329,2017-03-23,2017-04-12,2017-04-18
a1ca10c53660,2017-03-26,2017-04-12,2017-04-18
18827c633897,2017-04-09,2017-04-12,2017-04-18
0c7adfbcd92e,2017-03-27,2017-04-12,2017-04-18
487001efb14e,2017-03-30,2017-04-12,2017-04-18
33ae3297ffa0,2017-03-29,2017-04-12,2017-04-18
9ba7bd53c19a,2017-04-04,2017-04-12,2017-04-18
80afad107356,2017-03-27,2017-04-12,2017-04-18
5e0ed71dcfe4,2017-03-19,2017-04-12,2017-04-17
2aafb9eee6eb,2017-04-08,2017-04-12,2017-04-18
862117ded8ea,2017-03-27,2017-04-12,2017-04-18
9f18cb6c7268,2017-04-05,2017-04-12,2017-04-18
4c54c99db508,2017-04-02,2017-04-12,2017-04-18
a9e371f77e34,2017-04-09,2017-04-12,2017-04-18
b8f020183f20,2017-04-07,2017-04-12,2017-04-18
91862e7c29a4,2017-04-02,2017-04-12,2017-04-18
214d7bce10b7,2017-04-10,2017-04-12,2017-04-18
9941008f8cf6,2017-04-11,2017-04-12,2017-04-18
de80f447c48d,2017-03-30,2017-04-12,2017-04-18
351d84f01c0d,2017-03-29,2017-04-12,2017-04-14
09232175b4cb,2017-03-16,2017-04-12,2017-04-15
0b47eba5f1e1,2017-04-13,2017-04-13,2017-04-18
2a7fee82bb1c,2017-03-30,2017-04-12,2017-04-18
cd35df17ba1b,2017-04-01,2017-04-12,2017-04-18
36d3bba14fff,2017-04-12,2017-04-12,2017-04-18
ab9fb5fa85f7,2017-03-31,2017-04-12,2017-04-18
64e7d86f9b76,2017-03-09,2017-04-12,2017-04-18
47e1af7c4b51,2017-04-10,2017-04-12,2017-04-18
5a8b61273194,2017-03-27,2017-04-12,2017-04-18
efcb22af4fa8,2017-04-03,2017-04-12,2017-04-18
845e6971054f,2017-04-12,2017-04-12,2017-04-18
2ec5bb6d5003,2017-04-12,2017-04-12,2017-04-18
d5e14546cc19,2017-03-19,2017-04-12,2017-04-17
0fa3710fdb2f,2017-04-10,2017-04-12,2017-04-18
58e2f7910c45,2017-04-17,2017-04-17,2017-04-18
0dbb5e8dc88d,2017-04-03,2017-04-12,2017-04-18
4c89d4bfc898,2017-04-07,2017-04-12,2017-04-18
cfdcac988ec4,2017-04-16,2017-04-16,2017-04-18
85e4071f7eaa,2017-03-21,2017-04-12,2017-04-18
8140c9b48654,2017-04-02,2017-04-12,2017-04-18
03c7d53f92d2,2017-04-13,2017-04-13,2017-04-18
405f29ad20e3,2017-04-15,2017-04-15,2017-04-18
e8cf607682f6,2017-04-04,2017-04-12,2017-04-18
3e141aafbbd0,2017-04-11,2017-04-12,2017-04-18
a99959acb556,2017-03-14,2017-04-12,2017-04-13
a895b139179c,2017-03-30,2017-04-12,2017-04-18
f1520b3304cd,2017-04-13,2017-04-13,2017-04-18
a19cfe050ad4,2017-04-11,2017-04-12,2017-04-18
81e47c2347f2,2017-03-29,2017-04-12,2017-04-18
b98b1504e1f6,2017-04-13,2017-04-13,2017-04-18
6209e64c0f6c,2017-03-23,2017-04-12,2017-04-18
6b01735bb2ca,2017-04-06,2017-04-12,2017-04-18
3f07867b11d2,2017-04-07,2017-04-12,2017-04-18
1369e8ca2a40,2017-03-29,2017-04-12,2017-04-18
5c498b2e234a,2017-03-20,2017-04-12,2017-04-18
f9235502e321,2017-03-26,2017-04-12,2017-04-18
dba84b216969,2017-04-04,2017-04-12,2017-04-18
02eae0cf78ce,2017-04-07,2017-04-12,2017-04-18
f62114390040,2017-03-20,2017-04-12,2017-04-18
4c9ba1ee6126,2017-04-15,2017-04-15,2017-04-18
426912ae3e48,2017-03-29,2017-04-12,2017-04-18
02363af428e1,2017-04-08,2017-04-12,2017-04-18
f55b5bdf5cff,2017-03-20,2017-04-12,2017-04-18
71ac2d5d0b67,2017-03-29,2017-04-12,2017-04-18
127a37bb3f67,2017-03-26,2017-04-12,2017-04-18
7b1be5beeb84,2017-04-17,2017-04-17,2017-04-18
b3c6b3741b44,2017-04-07,2017-04-12,2017-04-18
241e5619fc1d,2017-04-07,2017-04-12,2017-04-18
cc5fd4b3e0c6,2017-04-03,2017-04-12,2017-04-18
1ab791d62e3e,2017-04-02,2017-04-12,2017-04-18
bfe5d2fdd7ed,2017-04-04,2017-04-12,2017-04-18
765ef95b63c8,2017-03-23,2017-04-12,2017-04-18
13005b6a7e9a,2017-03-26,2017-04-12,2017-04-18
f9923e67d1c3,2017-04-03,2017-04-12,2017-04-18
a4a010cae2d0,2017-03-16,2017-04-12,2017-04-15
058bc6ad9f81,2017-04-11,2017-04-12,2017-04-18
1926ad9b14b4,2017-03-29,2017-04-12,2017-04-18
29e31f99d359,2017-03-30,2017-04-12,2017-04-18
cfadf6dbce17,2017-04-04,2017-04-12,2017-04-18
84b1e4bee3cd,2017-03-16,2017-04-12,2017-04-15
429992a0c90b,2017-04-10,2017-04-12,2017-04-18
1ffaadeeb9a2,2017-03-17,2017-04-12,2017-04-15
8e59a364438f,2017-03-17,2017-04-12,2017-04-16
6dae95f5d5c4,2017-03-29,2017-04-12,2017-04-18
b3f949a99fd4,2017-04-11,2017-04-12,2017-04-18
5f85cf6f825f,2017-03-20,2017-04-12,2017-04-18
b1112242296c,2017-03-29,2017-04-12,2017-04-18
007a991fdde7,2017-03-19,2017-04-12,2017-04-15
b40941fd9cec,2017-03-27,2017-04-12,2017-04-18
b7de7f5c4f6f,2017-03-27,2017-04-12,2017-04-18
7817dd9ac7df,2017-03-31,2017-04-12,2017-04-18
44d6d00eb958,2017-03-26,2017-04-12,2017-04-18
3394c1e84392,2017-03-17,2017-04-12,2017-04-15
5539bbae14cd,2017-04-10,2017-04-12,2017-04-18
9668c448f0eb,2017-04-05,2017-04-12,2017-04-18
a8f1b7c64622,2017-04-17,2017-04-17,2017-04-18
da0f3af91544,2017-04-08,2017-04-12,2017-04-18
67e7406199f6,2017-04-11,2017-04-12,2017-04-18
3a3f8c44fbaa,2017-03-22,2017-04-12,2017-04-18
49d875902dc4,2017-03-18,2017-04-12,2017-04-17
fb1f1c44b954,2017-03-30,2017-04-12,2017-04-18
246f8c8abd6d,2017-03-27,2017-04-12,2017-04-18
6ed345c718cc,2017-03-30,2017-04-12,2017-04-18
61ccc6c137a5,2017-04-07,2017-04-12,2017-04-18
8e5a529b8460,2017-04-08,2017-04-12,2017-04-14
0a28503edd61,2017-04-16,2017-04-16,2017-04-18
cdc61385d7bf,2017-03-29,2017-04-12,2017-04-18
d168793c8efa,2017-03-16,2017-04-12,2017-04-15
2c92c6add0b4,2017-04-05,2017-04-12,2017-04-18
0d20990c28eb,2017-04-09,2017-04-12,2017-04-18
0119393627b7,2017-04-03,2017-04-12,2017-04-18
1da8fc381471,2017-04-06,2017-04-12,2017-04-18
ca8790af095f,2017-03-16,2017-04-12,2017-04-15
1ab1e6e7443e,2017-04-10,2017-04-12,2017-04-18
bd2438b0d061,2017-03-22,2017-04-12,2017-04-18
61c1e0b8551d,2017-04-04,2017-04-12,2017-04-18
3e9ad068ac9d,2017-04-10,2017-04-12,2017-04-18
85b6cb95ac71,2017-04-11,2017-04-12,2017-04-18
a95f31a2c9a3,2017-04-04,2017-04-12,2017-04-18
159ed4c7d968,2017-03-19,2017-04-12,2017-04-18
1a549a986042,2017-04-07,2017-04-12,2017-04-18
38a8694f32b1,2017-03-30,2017-04-12,2017-04-18
dd23a58f4796,2017-03-29,2017-04-12,2017-04-18
21a62ea78e61,2017-03-24,2017-04-12,2017-04-18
b8b027874a6d,2017-04-11,2017-04-12,2017-04-18
98ec9c122571,2017-04-12,2017-04-12,2017-04-18
137bf0d78a4f,2017-04-13,2017-04-13,2017-04-18
593967e9d493,2017-04-09,2017-04-12,2017-04-18
c36de2f7d296,2017-04-08,2017-04-12,2017-04-18
5e4dffb192d2,2017-03-30,2017-04-12,2017-04-18
16c6b6821504,2017-03-16,2017-04-12,2017-04-14
72eafab7dfa7,2017-03-15,2017-04-12,2017-04-14
32409e3bd552,2017-03-28,2017-04-12,2017-04-18
88e971ebe0ad,2017-04-03,2017-04-12,2017-04-18
3f24867695e9,2017-03-18,2017-04-12,2017-04-17
4cfe3920b24e,2017-03-23,2017-04-12,2017-04-18
c771b5dfb946,2017-03-31,2017-04-12,2017-04-18
5435123e9981,2017-03-29,2017-04-12,2017-04-18
5fabe6880178,2017-04-05,2017-04-12,2017-04-18
2c3171f609c6,2017-04-03,2017-04-12,2017-04-18
53e767d9f973,2017-03-27,2017-04-12,2017-04-18
868daaa3d9a1,2017-03-16,2017-04-12,2017-04-14
34859e0054a1,2017-04-09,2017-04-12,2017-04-18
e929242037c2,2017-04-17,2017-04-17,2017-04-18
eb235000362a,2017-04-10,2017-04-12,2017-04-18
55c2b2ec7245,2017-04-09,2017-04-12,2017-04-18
a434f1cfdd60,2017-04-09,2017-04-12,2017-04-18
87ef7222aaf7,2017-04-03,2017-04-12,2017-04-18
3f5eaa89b05a,2017-03-30,2017-04-12,2017-04-18
d3ff966155e5,2017-03-26,2017-04-12,2017-04-18
49060da3a86a,2017-04-11,2017-04-12,2017-04-18
ef6f64edf43f,2017-04-09,2017-04-12,2017-04-18
e1949a18c185,2017-04-09,2017-04-12,2017-04-18
954b5eaf9d00,2017-03-18,2017-04-12,2017-04-17
c588f8fca82c,2017-04-06,2017-04-12,2017-04-17
8d6b5d51e9b8,2017-03-20,2017-04-12,2017-04-18
9008b54f3296,2017-04-05,2017-04-12,2017-04-18
c15477206ca9,2017-04-15,2017-04-15,2017-04-18
b257a11d2fc5,2017-04-11,2017-04-12,2017-04-18
d4fb0aed8eed,2017-04-08,2017-04-12,2017-04-18
d28b1554754c,2017-03-26,2017-04-12,2017-04-18
3ea402b2a160,2017-03-27,2017-04-12,2017-04-18
a96439350a2e,2017-03-26,2017-04-12,2017-04-16
5b5bae257637,2017-03-30,2017-04-12,2017-04-18
e58ac58139d2,2017-03-25,2017-04-12,2017-04-18
6e74c2ff8b17,2017-04-06,2017-04-12,2017-04-18
3e84def9fcfe,2017-03-30,2017-04-12,2017-04-18
fd147a70062a,2017-04-06,2017-04-12,2017-04-18
5f763af7a921,2017-03-28,2017-04-12,2017-04-18
24a13dafdd81,2017-04-10,2017-04-12,2017-04-18
5d93bf6a8876,2017-04-09,2017-04-12,2017-04-18
24560d7a4ea8,2017-04-03,2017-04-12,2017-04-18
4d4aa487136f,2017-04-03,2017-04-12,2017-04-18
579dc67dabce,2017-04-09,2017-04-12,2017-04-18
a7316d4ad3f9,2017-03-28,2017-04-12,2017-04-18
a45bacedb4e3,2017-03-27,2017-04-12,2017-04-18
0090f2c290b7,2017-03-23,2017-04-12,2017-04-18
89a606f8f7fb,2017-04-09,2017-04-12,2017-04-18
3ed050039a59,2017-04-17,2017-04-17,2017-04-18
b3a13239b751,2017-04-17,2017-04-17,2017-04-18
f95e94bc24da,2017-04-08,2017-04-12,2017-04-18
ebd525773f1f,2017-03-29,2017-04-12,2017-04-18
ed81f223c5aa,2017-04-18,2017-04-18,2017-04-18
dd48d3025b74,2017-03-20,2017-04-12,2017-04-18
f257be91f2a7,2017-04-03,2017-04-12,2017-04-18
96bf8b4ddf85,2017-04-13,2017-04-13,2017-04-18
9e455b3ec386,2017-04-07,2017-04-12,2017-04-18
ac31221b4850,2017-04-11,2017-04-12,2017-04-18
972464e029a0,2017-03-22,2017-04-12,2017-04-18
8f8061f9dcb6,2017-04-11,2017-04-12,2017-04-18
ca7f4541c8c4,2017-04-05,2017-04-12,2017-04-18
ec092e131e5d,2017-04-09,2017-04-12,2017-04-18
159132cc16a1,2017-03-14,2017-04-12,2017-04-13
7fda1d9f4055,2017-03-13,2017-04-12,2017-04-12
7e95c069850a,2017-03-20,2017-04-12,2017-04-18
a541f8d2a4a7,2017-03-24,2017-04-12,2017-04-18
088c6ef14af0,2017-03-28,2017-04-12,2017-04-18
3ee6a09c8afe,2017-04-10,2017-04-12,2017-04-18
5146fd92ccd7,2017-04-08,2017-04-12,2017-04-18
c3177515afc8,2017-03-28,2017-04-12,2017-04-18
eee37f1094e0,2017-04-06,2017-04-12,2017-04-18
babd7302ec59,2017-04-13,2017-04-13,2017-04-18
01a02f4a3e39,2017-03-22,2017-04-12,2017-04-18
057024ef0ad6,2017-04-01,2017-04-12,2017-04-18
3b14afd490cd,2017-03-28,2017-04-12,2017-04-18
48c991c1924c,2017-04-09,2017-04-12,2017-04-18
a714a48c8f87,2017-04-18,2017-04-18,2017-04-18
531a36919b1b,2017-03-16,2017-04-12,2017-04-14
e809f77244b4,2017-03-15,2017-04-12,2017-04-14
2c3d737b2cb9,2017-03-25,2017-04-12,2017-04-18
17ca001384f3,2017-03-14,2017-04-12,2017-04-12
a9401b57b53e,2017-03-15,2017-04-12,2017-04-14
d9d7b74fd078,2017-04-03,2017-04-12,2017-04-18
ad262e5e00aa,2017-04-07,2017-04-12,2017-04-18
0f7ee95118c6,2017-03-29,2017-04-12,2017-04-18
431109c3a18b,2017-03-14,2017-04-12,2017-04-13
e8c1e7de9b80,2017-03-28,2017-04-12,2017-04-18
6ac562b0bd09,2017-04-08,2017-04-12,2017-04-18
f344a2648cf1,2017-03-31,2017-04-12,2017-04-18
93ac3b010d16,2017-03-23,2017-04-12,2017-04-18
541ffd84780d,2017-04-03,2017-04-12,2017-04-18
024699c5e5e8,2017-04-13,2017-04-13,2017-04-18
2722f4fd7ff4,2017-03-23,2017-04-12,2017-04-18
6cd1973acfec,2017-04-10,2017-04-12,2017-04-18
fce6f65aa1ef,2017-04-07,2017-04-12,2017-04-18
4c7ad270c43a,2017-03-20,2017-04-12,2017-04-18
b11dfac20c9f,2017-04-13,2017-04-13,2017-04-18
76a1d24e061b,2017-03-29,2017-04-12,2017-04-18
e7d93d328694,2017-04-17,2017-04-17,2017-04-18
ae3ac22b0b2a,2017-03-27,2017-04-12,2017-04-18
d8719a17d904,2017-03-17,2017-04-12,2017-04-15
aba9de64454a,2017-03-24,2017-04-12,2017-04-18
65ffa5a2bbb8,2017-03-19,2017-04-12,2017-04-18
a9f4bb62890b,2017-03-17,2017-04-12,2017-04-15
a040c7ae8dd2,2017-04-17,2017-04-17,2017-04-18
c53fd3958c88,2017-03-22,2017-04-12,2017-04-18
5b1a9f362233,2017-04-03,2017-04-12,2017-04-18
b6d01ce5ae52,2017-04-01,2017-04-12,2017-04-18
cc46a32c508f,2017-03-30,2017-04-12,2017-04-18
969ed7ce84c9,2017-03-18,2017-04-12,2017-04-17
7b5d60594f5c,2017-04-03,2017-04-12,2017-04-18
102172ecb174,2017-03-30,2017-04-12,2017-04-18
89960a962f78,2017-04-13,2017-04-13,2017-04-18
63d6c0917d81,2017-04-10,2017-04-12,2017-04-18
08255074d4d7,2017-03-23,2017-04-12,2017-04-18
ded9501e59c4,2017-03-14,2017-04-12,2017-04-12
c3bae60dab84,2017-03-19,2017-04-12,2017-04-18
48775cedd71f,2017-03-17,2017-04-12,2017-04-16
a0df21a98a66,2017-03-24,2017-04-12,2017-04-18
1c1bba812f63,2017-04-11,2017-04-12,2017-04-18
701a29a6761a,2017-04-10,2017-04-12,2017-04-18
02405bca29b5,2017-04-05,2017-04-12,2017-04-18
b1613e466faf,2017-03-31,2017-04-12,2017-04-18
ac253d00d537,2017-03-24,2017-04-12,2017-04-18
72eff24058d0,2017-04-04,2017-04-12,2017-04-18
ed5a7f0b6418,2017-04-09,2017-04-12,2017-04-18
b99b4ea513c5,2017-03-30,2017-04-12,2017-04-18
8f636e75f09a,2017-04-07,2017-04-12,2017-04-18
2c54e92c5edd,2017-04-08,2017-04-12,2017-04-18
7c7d2e4680e8,2017-04-09,2017-04-12,2017-04-18
243376f366d1,2017-04-03,2017-04-12,2017-04-18
572b155a6b9c,2017-03-15,2017-04-12,2017-04-13
6e0868d86128,2017-03-27,2017-04-12,2017-04-18
68bbdedfa9f9,2017-03-30,2017-04-12,2017-04-18
23392c5872d0,2017-04-06,2017-04-12,2017-04-18
afdc0ad18b79,2017-04-10,2017-04-12,2017-04-18
ee3e752d7fc5,2017-03-29,2017-04-12,2017-04-18
ab365d5ba425,2017-04-10,2017-04-12,2017-04-16
53e9e74fd95c,2017-03-14,2017-04-12,2017-04-12
ef76f6837d71,2017-03-31,2017-04-12,2017-04-18
2e3ece81821d,2017-03-14,2017-04-12,2017-04-13
32ce7d2fce2b,2017-04-16,2017-04-16,2017-04-18
b13479a4edad,2017-04-14,2017-04-14,2017-04-18
285ea0ca70b7,2017-03-14,2017-04-12,2017-04-12
aa8f851e8f4f,2017-04-05,2017-04-12,2017-04-18
14578808543e,2017-04-05,2017-04-12,2017-04-18
91b1bab42fcd,2017-04-09,2017-04-12,2017-04-18
203cb4c07a1f,2017-04-04,2017-04-12,2017-04-18
14fa24c6ab3d,2017-03-16,2017-04-12,2017-04-15
2eda82e618eb,2017-04-02,2017-04-12,2017-04-18
a1c8670ab773,2017-04-13,2017-04-13,2017-04-18
ee1f35474f33,2017-03-19,2017-04-12,2017-04-18
d5c61483fbe8,2017-04-13,2017-04-13,2017-04-15
49a4102d23a1,2017-04-05,2017-04-12,2017-04-14
e47010f983ac,2017-03-14,2017-04-12,2017-04-13
28d16b52f52f,2017-04-02,2017-04-12,2017-04-18
eda51641b3e7,2017-04-15,2017-04-15,2017-04-18
97f35c65af11,2017-03-24,2017-04-12,2017-04-18
9d50fdc71db7,2017-04-09,2017-04-12,2017-04-18
8564650f5eae,2017-03-29,2017-04-12,2017-04-18
b107ee624ddd,2017-03-14,2017-04-12,2017-04-13
1663d45101c1,2017-03-30,2017-04-12,2017-04-18
9ba4d6e70dd2,2017-04-03,2017-04-12,2017-04-18
3d534124c59d,2017-04-17,2017-04-17,2017-04-18
dfb1286655c7,2017-03-27,2017-04-12,2017-04-18
7e8ae74b5b57,2017-03-26,2017-04-12,2017-04-18
05eb1f8f8a30,2017-03-14,2017-04-12,2017-04-13
020ab884c552,2017-04-11,2017-04-12,2017-04-18
713a7cf3d94f,2017-03-29,2017-04-12,2017-04-18
fdae2f9ac0f7,2017-04-01,2017-04-12,2017-04-18
e3fb99f5c816,2017-03-27,2017-04-12,2017-04-18
4439ce66bf3a,2017-04-04,2017-04-12,2017-04-18
6f4a9be65ae5,2017-04-16,2017-04-16,2017-04-18
22d78175b3a7,2017-04-03,2017-04-12,2017-04-18
bf806dee2e40,2017-03-18,2017-04-12,2017-04-17
70c5031171cb,2017-03-23,2017-04-12,2017-04-18
3dd5b155568b,2017-03-20,2017-04-12,2017-04-18
cf0cfff641c1,2017-03-29,2017-04-12,2017-04-18
0834321fee9b,2017-04-06,2017-04-12,2017-04-18
ca121fb5ebe7,2017-04-10,2017-04-12,2017-04-18
0f48549b265e,2017-04-08,2017-04-12,2017-04-18
a685be9ab83c,2017-04-17,2017-04-17,2017-04-18
591acb69cf38,2017-04-04,2017-04-12,2017-04-18
0da5b5e173bf,2017-04-03,2017-04-12,2017-04-18
404ab8c690fa,2017-04-12,2017-04-13,2017-04-18
21666f18449c,2017-03-20,2017-04-12,2017-04-18
abcdb2538ea2,2017-03-30,2017-04-12,2017-04-18
1490ff1d2660,2017-04-06,2017-04-12,2017-04-18
cc3eeeafaf62,2017-04-13,2017-04-13,2017-04-18
7e45e3a7e2e4,2017-03-14,2017-04-12,2017-04-13
617b14c48090,2017-04-17,2017-04-17,2017-04-18
548e5f5a232d,2017-03-14,2017-04-12,2017-04-13
2209f82790e3,2017-04-03,2017-04-12,2017-04-18
1212ff64a8fb,2017-03-23,2017-04-12,2017-04-18
90d692139791,2017-03-14,2017-04-12,2017-04-13
0ca16c1c38a5,2017-04-17,2017-04-17,2017-04-18
94574f9b846d,2017-04-12,2017-04-12,2017-04-18
8dc726bf5e41,2017-04-10,2017-04-12,2017-04-18
6d069f7f0c4e,2017-04-15,2017-04-15,2017-04-18
22844d34a381,2017-03-15,2017-04-12,2017-04-13
52415293ace6,2017-04-02,2017-04-12,2017-04-18
05ccde2d6d29,2017-04-18,2017-04-18,2017-04-18
9ae243e2d80a,2017-03-18,2017-04-12,2017-04-17
94e1b3f13d27,2017-04-06,2017-04-12,2017-04-18
08a68e0ba219,2017-04-04,2017-04-12,2017-04-18
37962a98acfe,2017-03-31,2017-04-12,2017-04-18
37415456fe0a,2017-04-13,2017-04-13,2017-04-18
8b2e12b420a3,2017-04-18,2017-04-18,2017-04-18
5e581d744664,2017-04-02,2017-04-12,2017-04-18
fd57e89a7ce9,2017-04-05,2017-04-12,2017-04-18
4e07ce3510f0,2017-04-15,2017-04-15,2017-04-18
e2acee3e1c17,2017-04-05,2017-04-12,2017-04-18
fcaf88cff4ad,2017-03-28,2017-04-12,2017-04-18
095b919e7aa1,2017-03-21,2017-04-12,2017-04-18
c32fba9ac92d,2017-04-03,2017-04-12,2017-04-18
eb155a9992f4,2017-04-15,2017-04-15,2017-04-18
bfe858583116,2017-03-21,2017-04-12,2017-04-18
c90474625845,2017-04-03,2017-04-12,2017-04-18
85c1b71ac9c8,2017-04-11,2017-04-12,2017-04-18
339a7d84e11e,2017-04-12,2017-04-12,2017-04-13
9a3807c85be4,2017-04-12,2017-04-12,2017-04-18
7cd733559fe2,2017-04-13,2017-04-13,2017-04-17
537f1f57a653,2017-03-15,2017-04-12,2017-04-14
600537398560,2017-04-14,2017-04-14,2017-04-18
ac7fbf01ed23,2017-04-11,2017-04-12,2017-04-18
4430d70491fb,2017-04-10,2017-04-12,2017-04-18
4b387061f719,2017-04-11,2017-04-12,2017-04-18
ebc07afb41bb,2017-04-02,2017-04-12,2017-04-18
bc890604dbd3,2017-04-18,2017-04-18,2017-04-18
7cec8414a7e2,2017-04-06,2017-04-12,2017-04-18
aaa454aeba10,2017-04-01,2017-04-12,2017-04-18
910fbd4318c3,2017-03-24,2017-04-12,2017-04-18
e018e322db8f,2017-04-06,2017-04-12,2017-04-18
da89dedfa84a,2017-04-10,2017-04-12,2017-04-18
4966aa7c643c,2017-04-11,2017-04-12,2017-04-18
0096d6db0c93,2017-03-18,2017-04-12,2017-04-16
8cb916e23534,2017-03-16,2017-04-12,2017-04-15
bf101fe3162e,2017-03-13,2017-04-12,2017-04-12
8891f30632d2,2017-04-02,2017-04-12,2017-04-18
af8bb54d6e8d,2017-03-22,2017-04-12,2017-04-18
875e20bb5ddf,2017-04-07,2017-04-12,2017-04-18
8424351eed58,2017-04-13,2017-04-13,2017-04-18
2b16a77a41ae,2017-03-25,2017-04-12,2017-04-18
0c3e3239822f,2017-04-01,2017-04-12,2017-04-18
3bef448271a1,2017-03-19,2017-04-12,2017-04-16
ba7b6027bda9,2017-03-21,2017-04-12,2017-04-18
af6ed4f4dfed,2017-04-11,2017-04-12,2017-04-18
58b8add5cd46,2017-04-10,2017-04-12,2017-04-18
ed3c82516a9b,2017-03-31,2017-04-12,2017-04-18
7d8d086e4bf9,2017-04-12,2017-04-12,2017-04-18
0c85131e2e3b,2017-04-04,2017-04-12,2017-04-18
9b05169b42d0,2017-03-20,2017-04-12,2017-04-18
63e1f10573a3,2017-04-03,2017-04-12,2017-04-18
52a1fb1735ba,2017-03-19,2017-04-12,2017-04-18
0266c643ab6c,2017-03-28,2017-04-12,2017-04-18
ac36fe0ac8ab,2017-03-18,2017-04-12,2017-04-17
60051f094818,2017-03-14,2017-04-12,2017-04-13
618197ba606d,2017-03-19,2017-04-12,2017-04-17
b581e70d1bb1,2017-03-26,2017-04-12,2017-04-18
c1571906ba58,2017-03-15,2017-04-12,2017-04-14
70ea98ba99de,2017-04-12,2017-04-12,2017-04-18
3a702c57ad82,2017-03-15,2017-04-12,2017-04-14
8f631a999df2,2017-03-17,2017-04-12,2017-04-16
425a6070ed4b,2017-03-24,2017-04-12,2017-04-18
1a8b68fd8989,2017-03-30,2017-04-12,2017-04-15
48d6465a8dd3,2017-04-03,2017-04-12,2017-04-18
715467760b43,2017-04-17,2017-04-17,2017-04-18
246bd0a093d6,2017-03-17,2017-04-12,2017-04-16
b10ec928745e,2017-03-25,2017-04-12,2017-04-18
aff5778e0b2b,2017-03-29,2017-04-12,2017-04-18
57f217c8f78c,2017-04-04,2017-04-12,2017-04-18
769204779e15,2017-04-11,2017-04-12,2017-04-18
8c45e028274e,2017-04-06,2017-04-12,2017-04-18
3a0d967f8ea3,2017-03-24,2017-04-12,2017-04-18
fc57e0bbed5e,2017-04-06,2017-04-12,2017-04-18
6134bbdb4066,2017-04-17,2017-04-17,2017-04-18
c2354af7d4df,2017-04-08,2017-04-12,2017-04-18
994d62377786,2017-03-27,2017-04-12,2017-04-18
66528ae0c7f6,2017-03-30,2017-04-12,2017-04-18
488d03b4e8a9,2017-04-09,2017-04-12,2017-04-18
6351b7afc6f7,2017-03-17,2017-04-12,2017-04-15
8eb3ce31bf61,2017-04-12,2017-04-12,2017-04-18
6e05a62cd2d0,2017-04-07,2017-04-12,2017-04-18
b6d3945ee5b5,2017-04-12,2017-04-12,2017-04-18
9dfab40d088e,2017-03-13,2017-04-12,2017-04-12
e9a4ca716b02,2017-04-05,2017-04-12,2017-04-18
1d7aabec8206,2017-04-14,2017-04-14,2017-04-18
441967de70ab,2017-04-02,2017-04-12,2017-04-18
5f8a39fb566e,2017-04-01,2017-04-12,2017-04-18
71d3f86f0849,2017-03-16,2017-04-12,2017-04-15
8f9f2f78b489,2017-03-31,2017-04-12,2017-04-18
02c35da22897,2017-03-27,2017-04-12,2017-04-18
0167adf26a99,2017-04-13,2017-04-13,2017-04-18
4e694bb0bd14,2017-03-18,2017-04-12,2017-04-17
c926ebc32ea7,2017-04-12,2017-04-12,2017-04-18
df5dc7a82e6f,2017-03-17,2017-04-12,2017-04-16
d75cec2c7829,2017-03-20,2017-04-12,2017-04-18
0ce99fff51f5,2017-04-13,2017-04-13,2017-04-18
b1506161b265,2017-04-05,2017-04-12,2017-04-18
e266950784f5,2017-04-01,2017-04-12,2017-04-18
a198b2cefd60,2017-03-29,2017-04-12,2017-04-18
be95d7c55c63,2017-04-15,2017-04-15,2017-04-18
b8f2ca53c773,2017-04-08,2017-04-12,2017-04-18
ff66a7e3d8e8,2017-03-27,2017-04-12,2017-04-18
6cd7c90dc22c,2017-04-09,2017-04-12,2017-04-18
4f281c9ca638,2017-03-26,2017-04-12,2017-04-18
b179ef90460b,2017-03-17,2017-04-12,2017-04-15
64b8f09b0b2c,2017-04-12,2017-04-12,2017-04-18
647baf598100,2017-03-25,2017-04-12,2017-04-18
08bd3af1c3ce,2017-03-18,2017-04-12,2017-04-17
9e083a9c2d3c,2017-04-13,2017-04-13,2017-04-18
938a8fb858ff,2017-04-10,2017-04-12,2017-04-18
5d80e9984a66,2017-03-26,2017-04-12,2017-04-18
84eaa131ce5a,2017-03-15,2017-04-12,2017-04-13
e075a8f2208a,2017-04-11,2017-04-12,2017-04-18
c403b2b6d307,2017-03-21,2017-04-12,2017-04-18
9da7efc8eda2,2017-03-30,2017-04-12,2017-04-18
e3b322994b64,2017-03-22,2017-04-12,2017-04-18
2582d4e2e873,2017-03-30,2017-04-12,2017-04-18
1ca11f16a334,2017-04-05,2017-04-12,2017-04-18
534ac79aec9a,2017-03-28,2017-04-12,2017-04-18
cf28766868fb,2017-04-07,2017-04-12,2017-04-18
f416c3b6c64c,2017-04-11,2017-04-12,2017-04-18
7ed8229e6232,2017-04-12,2017-04-12,2017-04-18
79d0f009852e,2017-03-20,2017-04-12,2017-04-18
edcf2e6a7e59,2017-04-11,2017-04-12,2017-04-18
4205f542cd5c,2017-03-23,2017-04-12,2017-04-18
48361d22fdfb,2017-03-30,2017-04-12,2017-04-18
80680c2f4a3d,2017-04-04,2017-04-12,2017-04-18
69501cb65bea,2017-03-20,2017-04-12,2017-04-18
9540e0c4d910,2017-04-14,2017-04-14,2017-04-18
7e1a9b9b2cf6,2017-03-21,2017-04-12,2017-04-18
67646982a89d,2017-04-08,2017-04-12,2017-04-18
bed4daad752a,2017-03-20,2017-04-12,2017-04-18
b400308a2947,2017-04-05,2017-04-12,2017-04-18
9caeadd58a06,2017-04-08,2017-04-12,2017-04-18
712743dd95eb,2017-03-16,2017-04-12,2017-04-14
e087e518c982,2017-03-29,2017-04-12,2017-04-18
77c21aa81c67,2017-04-11,2017-04-12,2017-04-18
662e18c8b384,2017-03-23,2017-04-12,2017-04-18
8c0179b67231,2017-04-02,2017-04-12,2017-04-18
e09748d9543c,2017-04-12,2017-04-12,2017-04-18
04e2c47f6fa6,2017-03-21,2017-04-12,2017-04-18
c87fcd237cb8,2017-04-06,2017-04-12,2017-04-18
b6e8d3105e5e,2017-03-21,2017-04-12,2017-04-18
558218f07f8b,2017-03-31,2017-04-12,2017-04-18
86c6fbb285d8,2017-03-25,2017-04-12,2017-04-18
85f0fb56ab92,2017-04-05,2017-04-12,2017-04-18
fcebbbb8f6c6,2017-04-13,2017-04-13,2017-04-18
2d81c5efdeda,2017-04-08,2017-04-12,2017-04-18
4c5526fcd7fd,2017-04-17,2017-04-17,2017-04-18
0551007e7061,2017-04-16,2017-04-16,2017-04-18
b717e083bd7a,2017-04-05,2017-04-12,2017-04-18
7fbae2d5c046,2017-04-02,2017-04-12,2017-04-18
a9b530543b6d,2017-03-21,2017-04-12,2017-04-18
8dacd9e0ff69,2017-04-13,2017-04-13,2017-04-18
a0db5663eab5,2017-03-28,2017-04-12,2017-04-18
67e42c7e48f3,2017-03-25,2017-04-12,2017-04-18
c45681fa2d9d,2017-04-09,2017-04-12,2017-04-18
788b659fd9f2,2017-03-25,2017-04-12,2017-04-18
61744b181398,2017-03-31,2017-04-12,2017-04-18
3a7db51fb712,2017-03-29,2017-04-12,2017-04-18
fb5145fa3871,2017-03-19,2017-04-12,2017-04-17
b6a9145257ed,2017-03-21,2017-04-12,2017-04-18
48ce72a69f01,2017-04-04,2017-04-12,2017-04-18
39648d4f96f3,2017-03-29,2017-04-12,2017-04-18
847a05dc608c,2017-03-20,2017-04-12,2017-04-18
da970a5d2231,2017-03-31,2017-04-12,2017-04-18
4c0261fa320a,2017-04-17,2017-04-17,2017-04-18
c6dbb1f052ab,2017-03-26,2017-04-12,2017-04-18
c03a4d0ec3b1,2017-04-16,2017-04-16,2017-04-18
a9b177c46740,2017-04-04,2017-04-12,2017-04-18
febea025cae9,2017-04-17,2017-04-17,2017-04-18
3ef3ea820134,2017-04-10,2017-04-12,2017-04-18
2e02c3fde82d,2017-03-15,2017-04-12,2017-04-13
70215a0a6f3a,2017-03-31,2017-04-12,2017-04-18
ab690e3dd969,2017-04-02,2017-04-12,2017-04-18
76ab6069adbf,2017-03-25,2017-04-12,2017-04-18
dc39a9b9708c,2017-03-31,2017-04-12,2017-04-18
2995a05e72eb,2017-04-12,2017-04-12,2017-04-18
6e04dcc06baa,2017-03-23,2017-04-12,2017-04-18
f3b6bd716a44,2017-03-15,2017-04-12,2017-04-14
6f1f82d98049,2017-04-10,2017-04-12,2017-04-18
4d5b8949e257,2017-04-04,2017-04-12,2017-04-18
446da9d2a6bf,2017-04-10,2017-04-12,2017-04-18
1d756a38d4f9,2017-04-12,2017-04-12,2017-04-18
9605fc51a353,2017-04-18,2017-04-18,2017-04-18
5ed191a5e0f7,2017-04-13,2017-04-13,2017-04-18
09bfc5c2464c,2017-04-10,2017-04-12,2017-04-18
31ff9616ace4,2017-03-27,2017-04-12,2017-04-18
49187f0e03ae,2017-04-05,2017-04-12,2017-04-18
a6bbb2d61a57,2017-04-09,2017-04-12,2017-04-18
b09dbad77de6,2017-03-17,2017-04-12,2017-04-16
d3c75f41ce0a,2017-04-02,2017-04-12,2017-04-18
bf3735b00a8a,2017-03-29,2017-04-12,2017-04-18
eaa152ebdc79,2017-03-29,2017-04-12,2017-04-18
185f43a3f316,2017-04-16,2017-04-16,2017-04-18
74519c9452b0,2017-04-06,2017-04-12,2017-04-18
acf6a85e46a4,2017-04-14,2017-04-14,2017-04-18
dd70ab16f1a3,2017-03-19,2017-04-12,2017-04-18
475ccf200816,2017-03-16,2017-04-12,2017-04-15
d68dcc25903e,2017-04-18,2017-04-18,2017-04-18
b31300d60fae,2017-04-06,2017-04-12,2017-04-18
61c56d3c2e88,2017-04-14,2017-04-14,2017-04-18
be72e6b7cb30,2017-04-06,2017-04-12,2017-04-18
5ea9b0a80400,2017-04-02,2017-04-12,2017-04-18
a3439fdd0743,2017-03-19,2017-04-12,2017-04-17
311d034a07c1,2017-03-25,2017-04-12,2017-04-18
fdaed73964fa,2017-03-14,2017-04-12,2017-04-13
2abf0d02f171,2017-04-17,2017-04-17,2017-04-18
f09f128538a8,2017-03-14,2017-04-12,2017-04-13
a4678e99ebb2,2017-03-27,2017-04-12,2017-04-18
1ccd7f49ee44,2017-03-30,2017-04-12,2017-04-18
19a64b8a8249,2017-03-26,2017-04-12,2017-04-18
be415eedd119,2017-04-17,2017-04-17,2017-04-18
32e80c71f929,2017-03-19,2017-04-12,2017-04-18
ccb409c876c3,2017-04-16,2017-04-16,2017-04-18
abc8480d65d0,2017-04-07,2017-04-12,2017-04-18
9e80e7aea639,2017-03-20,2017-04-12,2017-04-18
26226035355c,2017-03-20,2017-04-12,2017-04-18
64114792e8f3,2017-04-18,2017-04-18,2017-04-18
247e3a076bd7,2017-04-11,2017-04-12,2017-04-18
05a8df78b8a3,2017-04-18,2017-04-18,2017-04-18
aa02b34c9caa,2017-03-16,2017-04-12,2017-04-15
27f7cdccead6,2017-03-30,2017-04-12,2017-04-18
b40e3a052e46,2017-04-17,2017-04-17,2017-04-18
46c9c8f3bd0a,2017-04-02,2017-04-12,2017-04-18
434847efd25e,2017-03-30,2017-04-12,2017-04-18
47286d5bc0a7,2017-03-30,2017-04-12,2017-04-18
39fbf9edabec,2017-04-15,2017-04-15,2017-04-18
7c350ee887ff,2017-03-28,2017-04-12,2017-04-18
dce3aeee5f7a,2017-03-15,2017-04-12,2017-04-13
6963ff07d26e,2017-03-18,2017-04-12,2017-04-17
154bd04c00b7,2017-03-27,2017-04-12,2017-04-18
b716d39effb9,2017-04-05,2017-04-12,2017-04-18
2b28eccf4d9d,2017-03-19,2017-04-12,2017-04-18
5f9ddb6580bf,2017-04-01,2017-04-12,2017-04-18
4442246a5c4e,2017-03-20,2017-04-12,2017-04-18
53ecf72738b4,2017-04-12,2017-04-12,2017-04-18
06cbfc3b6edf,2017-04-01,2017-04-12,2017-04-18
fc0a262353cc,2017-04-16,2017-04-16,2017-04-18
896016dff034,2017-04-14,2017-04-14,2017-04-18
ace6583c54b8,2017-04-02,2017-04-12,2017-04-18
154d2b1fdc02,2017-04-01,2017-04-12,2017-04-18
57c111830e2b,2017-04-11,2017-04-12,2017-04-18
44b83f640a09,2017-03-30,2017-04-12,2017-04-18
b14faea2c8f8,2017-03-22,2017-04-12,2017-04-18
e9637784923b,2017-03-13,2017-04-12,2017-04-12
11950926315c,2017-03-17,2017-04-12,2017-04-16
4af5ca58e13e,2017-03-17,2017-04-12,2017-04-16
7f21b4c01b23,2017-03-14,2017-04-12,2017-04-13
26e8c122a16d,2017-03-14,2017-04-12,2017-04-12
3cbf1938c0fe,2017-04-16,2017-04-16,2017-04-18
372ae9f20797,2017-04-04,2017-04-12,2017-04-18
969f302fa41a,2017-04-09,2017-04-12,2017-04-18
50f1681af35e,2017-04-09,2017-04-12,2017-04-18
f0c8e110f72b,2017-03-19,2017-04-12,2017-04-18
038ecf2ff340,2017-03-23,2017-04-12,2017-04-18
ca8294845b6c,2017-04-06,2017-04-12,2017-04-18
19a7996e7dff,2017-03-30,2017-04-12,2017-04-18
898cd589ae65,2017-04-02,2017-04-12,2017-04-18
b55238b2b30d,2017-04-10,2017-04-12,2017-04-18
76761d769e58,2017-03-24,2017-04-12,2017-04-18
75c0b9dbb68b,2017-04-03,2017-04-12,2017-04-18
74275bad223f,2017-04-11,2017-04-12,2017-04-17
9d18179b3502,2017-03-20,2017-04-12,2017-04-18
b0f4e2891823,2017-03-25,2017-04-12,2017-04-18
fca3f6430345,2017-03-23,2017-04-12,2017-04-18
24489c7c6870,2017-04-10,2017-04-12,2017-04-18
132322cc8b0d,2017-04-15,2017-04-15,2017-04-18
784158fdf720,2017-03-26,2017-04-12,2017-04-18
63228527a4ef,2017-03-22,2017-04-12,2017-04-18
89ff145296a5,2017-04-09,2017-04-12,2017-04-18
6767a3a4c83b,2017-03-30,2017-04-12,2017-04-18
4ce4efd6a0cc,2017-04-17,2017-04-17,2017-04-18
bdc5cfe1104f,2017-03-28,2017-04-12,2017-04-18
9840b7bcc368,2017-03-17,2017-04-12,2017-04-16
385080acb92e,2017-04-08,2017-04-12,2017-04-14
077726c05a83,2017-04-07,2017-04-12,2017-04-18
20e25de2362b,2017-04-01,2017-04-12,2017-04-18
5a51239d9885,2017-03-13,2017-04-12,2017-04-12
3b00464ccef0,2017-03-31,2017-04-12,2017-04-18
d6fe7ca2c7b0,2017-03-29,2017-04-12,2017-04-18
d64608d6bd4b,2017-03-27,2017-04-12,2017-04-15
31478155e25e,2017-04-02,2017-04-12,2017-04-18
8fefbf6546c3,2017-04-09,2017-04-12,2017-04-18
3fc20efdf0fe,2017-04-11,2017-04-12,2017-04-18
2019c121d295,2017-03-23,2017-04-12,2017-04-18
06aa55954fe1,2017-04-07,2017-04-12,2017-04-18
a18094abe4a1,2017-04-02,2017-04-12,2017-04-18
e0fd5113b1a5,2017-03-23,2017-04-12,2017-04-18
df46bf3f7466,2017-04-17,2017-04-17,2017-04-18
9282615671bf,2017-04-09,2017-04-12,2017-04-18
c6587533e4bb,2017-03-13,2017-04-12,2017-04-12
7efe1875ee74,2017-03-13,2017-04-12,2017-04-12
cdce79688e37,2017-04-16,2017-04-16,2017-04-18
18599e72302a,2017-04-06,2017-04-12,2017-04-18
382da69b33b7,2017-04-15,2017-04-15,2017-04-18
d7bc3a336f79,2017-04-02,2017-04-12,2017-04-18
065bf30d8496,2017-03-24,2017-04-12,2017-04-18
dfd366b5e156,2017-03-14,2017-04-12,2017-04-12
01fb1ec3708e,2017-04-15,2017-04-15,2017-04-18
a1a6ca506cd8,2017-04-15,2017-04-15,2017-04-18
2c026a0aa7e0,2017-04-02,2017-04-12,2017-04-18
1cb63c836194,2017-03-21,2017-04-12,2017-04-18
e6cea368b5ec,2017-04-13,2017-04-13,2017-04-18
c7880641259a,2017-03-29,2017-04-12,2017-04-18
8dc782237c46,2017-03-19,2017-04-12,2017-04-17
35df25fa3086,2017-03-30,2017-04-12,2017-04-18
da6a5e2a7643,2017-03-24,2017-04-12,2017-04-18
7fca0183aa3d,2017-03-30,2017-04-12,2017-04-18
f1c5fd9450c0,2017-03-23,2017-04-12,2017-04-18
32e098fc35ae,2017-04-08,2017-04-12,2017-04-18
0b24ce2054e2,2017-04-13,2017-04-13,2017-04-18
9d925ac1d2d4,2017-04-11,2017-04-12,2017-04-18
d3fdee21a8d9,2017-04-06,2017-04-12,2017-04-18
86e715850715,2017-04-10,2017-04-12,2017-04-18
919ded5d58fe,2017-03-25,2017-04-12,2017-04-18
3dfded122f50,2017-03-27,2017-04-12,2017-04-18
19dbb5683b13,2017-03-26,2017-04-12,2017-04-18
2d9f850df79b,2017-03-30,2017-04-12,2017-04-18
dcc51ec4546c,2017-03-13,2017-04-12,2017-04-12
334008b30339,2017-04-03,2017-04-12,2017-04-18
1d18ad5aa152,2017-03-31,2017-04-12,2017-04-18
3f6f9c31c341,2017-04-02,2017-04-12,2017-04-18
40b07eaed106,2017-03-29,2017-04-12,2017-04-18
8e6120f53903,2017-03-26,2017-04-12,2017-04-18
3b0ca489b896,2017-04-15,2017-04-15,2017-04-18
a37c9bf6e0d7,2017-04-02,2017-04-12,2017-04-18
4c1759a47552,2017-04-11,2017-04-12,2017-04-18
b64c14cf8503,2017-04-01,2017-04-12,2017-04-18
834d93673671,2017-04-03,2017-04-12,2017-04-18
03224add13d8,2017-04-02,2017-04-12,2017-04-18
0c168ea07fdb,2017-04-07,2017-04-12,2017-04-18
120773d42dbf,2017-04-05,2017-04-12,2017-04-18
173298c250dd,2017-03-22,2017-04-12,2017-04-18
3291ed4ee583,2017-03-29,2017-04-12,2017-04-18
8e72983541ef,2017-04-18,2017-04-18,2017-04-18
afcaf82292c2,2017-04-13,2017-04-13,2017-04-18
f1cf62353c0e,2017-03-27,2017-04-12,2017-04-18
a837507d2fa7,2017-03-22,2017-04-12,2017-04-18
4c1641631369,2017-04-06,2017-04-12,2017-04-18
7e11a4ac010e,2017-04-01,2017-04-12,2017-04-18
e5d778c562b6,2017-04-01,2017-04-12,2017-04-18
71fe34541884,2017-03-29,2017-04-12,2017-04-18
75c4b372be12,2017-03-25,2017-04-12,2017-04-18
391b38201e93,2017-04-13,2017-04-13,2017-04-18
e4bdb7cb72e7,2017-03-14,2017-04-12,2017-04-13
cf3b2a8f7d7e,2017-03-19,2017-04-12,2017-04-18
3cd38ed445f3,2017-03-16,2017-04-12,2017-04-15
5570432bd0ac,2017-03-21,2017-04-12,2017-04-18
18a6eb31dbfd,2017-04-06,2017-04-12,2017-04-18
13f5c1a98ca3,2017-04-02,2017-04-12,2017-04-16
0f4fe71af646,2017-02-28,2017-04-12,2017-04-18
17fefac45d12,2017-03-20,2017-04-12,2017-04-18
524acfa483de,2017-04-04,2017-04-12,2017-04-18
0666abe13952,2017-03-23,2017-04-12,2017-04-18
384f3a4383e1,2017-04-11,2017-04-12,2017-04-18
9aeaab9cea94,2017-04-16,2017-04-16,2017-04-18
99a404cb6a3a,2017-04-10,2017-04-12,2017-04-18
61af39bbcdc6,2017-03-27,2017-04-12,2017-04-18
c4a915575bc7,2017-04-06,2017-04-12,2017-04-18
b8516161d2c2,2017-03-19,2017-04-12,2017-04-18
cda8fd835d86,2017-03-22,2017-04-12,2017-04-18
ae237df15f65,2017-04-15,2017-04-15,2017-04-18
9289f45c60ae,2017-04-03,2017-04-12,2017-04-18
95cc197958ac,2017-03-21,2017-04-12,2017-04-18
1964f4c91a38,2017-04-13,2017-04-13,2017-04-18
d476426021ae,2017-03-17,2017-04-12,2017-04-16
5ba33564ab85,2017-03-29,2017-04-12,2017-04-18
b18b289cf7c4,2017-04-07,2017-04-12,2017-04-18
034fed147c26,2017-04-14,2017-04-14,2017-04-18
3f35dba44679,2017-04-04,2017-04-12,2017-04-18
30e82ac3bbe2,2017-03-15,2017-04-12,2017-04-14
8125c89f0251,2017-04-02,2017-04-12,2017-04-18
5093a9c7e3fa,2017-03-20,2017-04-12,2017-04-18
a2970c5c3b5e,2017-04-01,2017-04-12,2017-04-18
f94d061d1dd1,2017-03-23,2017-04-12,2017-04-18
39b90f5dac79,2017-03-19,2017-04-12,2017-04-18
411ecb2a1b39,2017-04-09,2017-04-12,2017-04-18
ca3ba0869989,2017-04-18,2017-04-18,2017-04-18
a7e1871fe5ae,2017-04-03,2017-04-12,2017-04-18
c949080ca63f,2017-04-11,2017-04-12,2017-04-18
ad8222f5b438,2017-04-15,2017-04-15,2017-04-18
e2cf645c5826,2017-03-18,2017-04-12,2017-04-17
a8ac2b27c4c7,2017-04-12,2017-04-12,2017-04-18
87c19f84a511,2017-03-18,2017-04-12,2017-04-16
505dd9b6f3e4,2017-03-16,2017-04-12,2017-04-15
8b63cb4819ae,2017-04-18,2017-04-18,2017-04-18
4bd3c842c12d,2017-04-03,2017-04-12,2017-04-18
c8c0614d5903,2017-04-01,2017-04-12,2017-04-18
74652efd1b95,2017-04-17,2017-04-17,2017-04-18
4901ccb86154,2017-04-05,2017-04-12,2017-04-18
e8f397f983ac,2017-03-18,2017-04-12,2017-04-17
8d8b52ae8bd5,2017-03-21,2017-04-12,2017-04-18
1939a99be5af,2017-03-30,2017-04-12,2017-04-18
487b4997bfab,2017-04-17,2017-04-17,2017-04-18
ac179786f387,2017-04-06,2017-04-12,2017-04-18
331029a22266,2017-04-08,2017-04-12,2017-04-18
ad7f1039d010,2017-04-12,2017-04-12,2017-04-18
2409361b3a1f,2017-04-05,2017-04-12,2017-04-18
693fa4e5dee1,2017-04-18,2017-04-18,2017-04-18
9514c1e6a3ea,2017-04-08,2017-04-12,2017-04-18
25feef57003c,2017-04-14,2017-04-14,2017-04-18
5f71665dcb11,2017-04-13,2017-04-13,2017-04-18
a1b3f1b11b9a,2017-04-10,2017-04-12,2017-04-18
7498e6a14f1c,2017-04-04,2017-04-12,2017-04-18
71cc28bcc473,2017-04-02,2017-04-12,2017-04-18
ca2990d1d4bb,2017-03-25,2017-04-12,2017-04-18
76fcd96a6b7e,2017-03-25,2017-04-12,2017-04-18
2b965893c14c,2017-03-23,2017-04-12,2017-04-18
8210aa387a52,2017-03-17,2017-04-12,2017-04-16
9d60ea921916,2017-04-13,2017-04-13,2017-04-18
e225ed7b1fa3,2017-03-29,2017-04-12,2017-04-18
4c225728bd9d,2017-03-23,2017-04-12,2017-04-18
cbfa8523250d,2017-03-28,2017-04-12,2017-04-18
e920cb3750ba,2017-04-11,2017-04-12,2017-04-18
a539e76d87f4,2017-04-06,2017-04-12,2017-04-18
b49d4c6d3361,2017-04-17,2017-04-17,2017-04-18
530ea7e0ff14,2017-03-28,2017-04-12,2017-04-18
4a2d2cbb3d26,2017-04-04,2017-04-12,2017-04-18
1052bbff167d,2017-04-10,2017-04-12,2017-04-18
85c320e0beca,2017-04-08,2017-04-12,2017-04-18
d2039b762e1c,2017-03-17,2017-04-12,2017-04-16
d265afd65365,2017-03-24,2017-04-12,2017-04-18
a7ad0f214e5f,2017-04-05,2017-04-12,2017-04-18
9671a1cbba5f,2017-03-20,2017-04-12,2017-04-18
eed07d5db84b,2017-03-29,2017-04-12,2017-04-18
a68981cc8983,2017-03-16,2017-04-12,2017-04-14
6c1aab6e935f,2017-03-16,2017-04-12,2017-04-14
4cc5ccf14855,2017-03-29,2017-04-12,2017-04-18
282afcb047a9,2017-04-11,2017-04-12,2017-04-18
032221085c15,2017-04-14,2017-04-14,2017-04-18
8a8e5896a924,2017-04-04,2017-04-12,2017-04-18
eeeccd71a08f,2017-04-11,2017-04-12,2017-04-18
9a3c5a5480b4,2017-04-06,2017-04-12,2017-04-18
60950f118c92,2017-04-07,2017-04-12,2017-04-18
d35a14714b98,2017-04-06,2017-04-12,2017-04-18
85ec40f39ba7,2017-04-03,2017-04-12,2017-04-18
2d02b442da4d,2017-04-05,2017-04-12,2017-04-18
99f6762587cf,2017-04-10,2017-04-12,2017-04-18
dfbf61bdb0e0,2017-04-15,2017-04-15,2017-04-18
0d411aefe0cb,2017-03-23,2017-04-12,2017-04-18
9f43d37fd845,2017-03-13,2017-04-12,2017-04-12
3e72ace4aa1f,2017-03-18,2017-04-12,2017-04-16
eedfd5839fae,2017-04-08,2017-04-12,2017-04-18
07de89dca8fa,2017-03-22,2017-04-12,2017-04-18
1cd1b23bb28b,2017-04-13,2017-04-13,2017-04-18
5a64462f8a1b,2017-04-12,2017-04-12,2017-04-18
a00b3e150fad,2017-03-29,2017-04-12,2017-04-18
0b033f6409a8,2017-04-01,2017-04-12,2017-04-18
95c3e0a44026,2017-03-15,2017-04-12,2017-04-14
f5d318dc0404,2017-04-02,2017-04-12,2017-04-18
39aae4f65256,2017-04-17,2017-04-17,2017-04-18
a9bd5ea87a8b,2017-04-06,2017-04-12,2017-04-18
f0720ce97248,2017-04-04,2017-04-12,2017-04-18
578fd51f133b,2017-03-21,2017-04-12,2017-04-18
c7096f2b1380,2017-04-02,2017-04-12,2017-04-18
fdb4df29b6c6,,2017-04-12,2017-04-18
a9e5958686f6,2017-03-30,2017-04-12,2017-04-18
4f442fbc11e8,2017-04-11,2017-04-12,2017-04-18
64aaaa26df10,2017-03-27,2017-04-12,2017-04-18
626b8a9bd4ce,2017-04-13,2017-04-13,2017-04-18
62cb07d9155f,2017-03-16,2017-04-12,2017-04-15
32d04a801fc1,2017-04-07,2017-04-12,2017-04-18
4d3f9428efd7,2017-04-09,2017-04-12,2017-04-18
fd372e0b596c,2017-03-31,2017-04-12,2017-04-18
fdbe19b44c79,2017-04-15,2017-04-15,2017-04-18
e04e2d52cc59,2017-03-16,2017-04-12,2017-04-15
b29d018b9b65,2017-03-27,2017-04-12,2017-04-18
82155f565889,2017-03-17,2017-04-12,2017-04-16
6a80df660bfe,2017-03-25,2017-04-12,2017-04-18
4c8fa0580019,2017-04-10,2017-04-12,2017-04-18
e7990b9bc058,2017-03-24,2017-04-12,2017-04-18
b9c48d451aab,2017-04-18,2017-04-18,2017-04-18
8df6349646a7,2017-03-13,2017-04-12,2017-04-12
2d43fdeac23b,2017-03-19,2017-04-12,2017-04-18
827d77c51c16,2017-04-02,2017-04-12,2017-04-18
6bf730b688b5,2017-04-07,2017-04-12,2017-04-18
28f34402d386,2017-04-18,2017-04-18,2017-04-18
d537f6f9cdd7,2017-03-29,2017-04-12,2017-04-18
7d0815c3effa,2017-03-15,2017-04-12,2017-04-14
140e6c988f6c,2017-04-18,2017-04-18,2017-04-18
3a068fa67f0e,2017-04-05,2017-04-12,2017-04-18
e47f7834571e,2017-03-23,2017-04-12,2017-04-18
d285a6dcbc68,2017-04-18,2017-04-18,2017-04-18
6fe6837a0b98,2017-03-30,2017-04-12,2017-04-18
5dcd5fcd9843,2017-03-27,2017-04-12,2017-04-18
9dca739100ad,2017-04-10,2017-04-12,2017-04-18
ff4575c8684c,2017-03-27,2017-04-12,2017-04-18
2735cd90636f,2017-03-19,2017-04-12,2017-04-18
56a271f9ac48,2017-04-16,2017-04-16,2017-04-18
da0ff7131f12,2017-04-05,2017-04-12,2017-04-18
2694e8f9a5bb,2017-04-13,2017-04-13,2017-04-18
5fe627c70ad9,2017-04-15,2017-04-15,2017-04-18
139aa171e112,2017-03-24,2017-04-12,2017-04-18
1e6f38a92bf7,2017-04-09,2017-04-12,2017-04-18
346a0fdadfac,2017-03-16,2017-04-12,2017-04-15
c2ccbf78640a,2017-03-31,2017-04-12,2017-04-18
9889bad3fc9c,2017-04-13,2017-04-13,2017-04-18
e3d84f2bd7e4,2017-03-13,2017-04-12,2017-04-12
a0b6013d0bb5,2017-03-27,2017-04-12,2017-04-18
ab921052a263,2017-04-03,2017-04-12,2017-04-18
3e35716e78c3,2017-04-14,2017-04-14,2017-04-18
22e84d788c03,2017-03-24,2017-04-12,2017-04-18
365ae7f35668,2017-03-29,2017-04-12,2017-04-18
b260f62c1d3e,2017-04-11,2017-04-12,2017-04-18
8ff8b68d7a46,2017-04-14,2017-04-14,2017-04-18
ad412d1bebc6,2017-03-28,2017-04-12,2017-04-18
aa0b5584c70e,2017-04-07,2017-04-12,2017-04-18
087c8fdbb3c2,2017-03-30,2017-04-12,2017-04-18
6db29956f624,2017-04-17,2017-04-17,2017-04-18
9195bbe6b5a1,2017-03-07,2017-04-12,2017-04-14
d89071238ab5,2017-04-01,2017-04-12,2017-04-18
990362d18749,2017-04-13,2017-04-13,2017-04-18
28cd24ec164a,2017-03-17,2017-04-12,2017-04-16
e1c84b3da555,2017-04-11,2017-04-12,2017-04-18
5922b126e30e,2017-03-30,2017-04-12,2017-04-18
e651606f5bef,2017-03-29,2017-04-12,2017-04-18
8fa078e4c130,2017-04-16,2017-04-16,2017-04-18
2e9963eb8c05,2017-04-11,2017-04-12,2017-04-18
54d08d57b54b,2017-03-27,2017-04-12,2017-04-18
069f3c12e631,2017-04-04,2017-04-12,2017-04-18
187c351f4541,2017-03-15,2017-04-12,2017-04-13
5cac0ed1dd4c,2017-03-30,2017-04-12,2017-04-18
c79af74582fc,2017-04-11,2017-04-12,2017-04-18
fec32236644d,2017-03-17,2017-04-12,2017-04-16
6030c56b78f8,2017-04-10,2017-04-12,2017-04-18
00c06241255f,2017-04-13,2017-04-13,2017-04-18
9d682c1a9506,2017-03-28,2017-04-12,2017-04-18
9028c70b69c3,2017-04-06,2017-04-12,2017-04-18
b8fd494a9e6a,2017-04-12,2017-04-12,2017-04-18
91c605fabf30,2017-03-22,2017-04-12,2017-04-18
a904e73b647f,2017-04-17,2017-04-17,2017-04-18
b89d1d918683,2017-03-15,2017-04-12,2017-04-14
a6b73f02ee6a,2017-03-27,2017-04-12,2017-04-18
ad482684c2d9,2017-03-30,2017-04-12,2017-04-18
a9ed0505295f,2017-04-12,2017-04-12,2017-04-18
53e2bb57a048,2017-03-16,2017-04-12,2017-04-15
b7d798023187,2017-03-17,2017-04-12,2017-04-15
22500b94a21a,2017-03-16,2017-04-12,2017-04-14
02cd3d501041,2017-04-01,2017-04-12,2017-04-18
a972da28ccca,2017-03-29,2017-04-12,2017-04-18
f464968e0c15,2017-04-04,2017-04-12,2017-04-18
5efaca552fc1,2017-03-23,2017-04-12,2017-04-18
20e8a6de6cc3,2017-03-17,2017-04-12,2017-04-16
6a5a1a1bcba2,2017-04-06,2017-04-12,2017-04-18
66ec018fd70f,2017-04-06,2017-04-12,2017-04-18
ee1bd425039e,2017-04-03,2017-04-12,2017-04-18
ed63b8b29958,2017-04-14,2017-04-14,2017-04-18
44ef7c72a2db,2017-03-18,2017-04-12,2017-04-16
6493b5e3af5d,2017-04-15,2017-04-15,2017-04-18
9b6f4530f58d,2017-03-13,2017-04-12,2017-04-12
497593606d43,2017-04-13,2017-04-13,2017-04-18
f2cf4c9370bc,2017-03-17,2017-04-12,2017-04-16
276c946bc2d4,2017-04-01,2017-04-12,2017-04-18
372a58f911ee,2017-04-16,2017-04-16,2017-04-18
2ddc57a37054,2017-04-06,2017-04-12,2017-04-18
5defeaabd6fe,2017-03-15,2017-04-12,2017-04-14
71ca6055958a,2017-04-07,2017-04-12,2017-04-18
c4fd7fa95399,2017-03-30,2017-04-12,2017-04-18
23e038650ba9,2017-04-02,2017-04-12,2017-04-18
d5210d282cf6,2017-04-02,2017-04-12,2017-04-18
eb2e618e22ae,2017-03-24,2017-04-12,2017-04-18
0f81855dc061,2017-03-04,2017-04-12,2017-04-18
2366d494d1e3,2017-03-15,2017-04-12,2017-04-14
f1d2e2ad7a20,2017-03-23,2017-04-12,2017-04-18
d496aa40ee41,2017-04-03,2017-04-12,2017-04-18
87c60c31a776,2017-04-13,2017-04-14,2017-04-18
7125c5c91caa,2017-04-09,2017-04-12,2017-04-18
98efb3cb1a0c,2017-03-30,2017-04-12,2017-04-18
097c9b11b1dc,2017-04-18,2017-04-18,2017-04-18
6b453602daad,2017-04-12,2017-04-12,2017-04-18
f003ddb1b4b5,2017-04-06,2017-04-12,2017-04-18
5a1cf63b760a,2017-04-10,2017-04-12,2017-04-18
10ff54e736ba,2017-04-06,2017-04-12,2017-04-18
30fb66316d62,2017-04-05,2017-04-12,2017-04-18
3404e03abc16,2017-03-28,2017-04-12,2017-04-18
8e91ace742b1,2017-04-07,2017-04-12,2017-04-18
68accb7227b1,2017-03-17,2017-04-12,2017-04-16
77def9918490,2017-03-20,2017-04-12,2017-04-18
43e66043f18b,2017-03-29,2017-04-12,2017-04-18
76ca7bbb7145,2017-04-12,2017-04-12,2017-04-18
4c01ed1e6c3e,2017-04-09,2017-04-12,2017-04-18
34ef3b5e3b42,2017-04-03,2017-04-12,2017-04-18
bd4a054b3725,2017-04-11,2017-04-12,2017-04-18
898455789b24,2017-03-28,2017-04-12,2017-04-18
fdbab37a6666,2017-03-28,2017-04-12,2017-04-18
911af4e9c6d6,2017-04-08,2017-04-12,2017-04-18
0ab0b00eee92,2017-03-17,2017-04-12,2017-04-16
78e98662324d,2017-03-22,2017-04-12,2017-04-18
887db01eb9e9,2017-04-13,2017-04-13,2017-04-18
1ceed9c92fa7,2017-03-30,2017-04-12,2017-04-18
49c681598a5e,2017-03-24,2017-04-12,2017-04-18
e3805ce2d1db,2017-04-13,2017-04-13,2017-04-18
540426c5f50b,2017-03-31,2017-04-12,2017-04-14
65008ba073cc,2017-04-11,2017-04-12,2017-04-18
2237f49c81df,2017-03-27,2017-04-12,2017-04-18
908d1ffb6aed,2017-03-31,2017-04-12,2017-04-18
aa31e0e0f423,2017-04-14,2017-04-14,2017-04-18
59590d9edff9,2017-03-15,2017-04-12,2017-04-14
5066c1695b89,2017-03-17,2017-04-12,2017-04-15
15c0a105f17b,2017-03-22,2017-04-12,2017-04-18
8483c2f0dcb2,2017-04-16,2017-04-16,2017-04-18
fd73f11bc5e8,2017-03-29,2017-04-12,2017-04-18
2b2ee4879800,2017-03-20,2017-04-12,2017-04-18
8891f975330e,2017-03-22,2017-04-12,2017-04-18
7d0dfa38afb5,2017-04-04,2017-04-12,2017-04-18
2747498fa4e3,2017-03-25,2017-04-12,2017-04-18
83d601172f3d,2017-03-28,2017-04-12,2017-04-18
070476e718d8,2017-04-08,2017-04-12,2017-04-18
41f65a124b03,2017-03-20,2017-04-12,2017-04-18
99d26067b567,2017-04-01,2017-04-12,2017-04-18
9e6c874e3913,2017-04-13,2017-04-13,2017-04-18
5b3c20734b3c,2017-03-19,2017-04-12,2017-04-18
0c4c20561a4b,2017-03-30,2017-04-12,2017-04-18
8f6b5127bf86,2017-04-02,2017-04-12,2017-04-18
98d411b0f531,2017-03-14,2017-04-12,2017-04-12
05e09a1c37e5,2017-04-12,2017-04-12,2017-04-18
4a3165850725,2017-04-04,2017-04-12,2017-04-18
f02f31a57984,2017-04-18,2017-04-18,2017-04-18
708da9b21cb8,2017-04-10,2017-04-12,2017-04-18
3ecd9440d26c,2017-04-03,2017-04-12,2017-04-15
e39c06e4d27a,2017-04-07,2017-04-12,2017-04-18
f1541cd4aad5,2017-03-27,2017-04-12,2017-04-18
83b784c6628d,2017-04-11,2017-04-12,2017-04-13
b5432c8d8a8b,2017-04-17,2017-04-17,2017-04-18
89b84abfb942,2017-04-15,2017-04-15,2017-04-18
3e854e320f9c,2017-03-31,2017-04-12,2017-04-18
e8c04a4215d8,2017-03-17,2017-04-12,2017-04-16
a9906ed3a0cb,2017-04-15,2017-04-15,2017-04-18
bacb5bb416ef,2017-04-11,2017-04-12,2017-04-18
45f279e2cb8a,2017-03-17,2017-04-12,2017-04-16
f5acbe68a188,2017-04-15,2017-04-15,2017-04-18
c9136bc5e2e9,2017-03-14,2017-04-12,2017-04-13
ab05e6441061,2017-04-15,2017-04-15,2017-04-18
d6868a03d6e2,2017-04-08,2017-04-12,2017-04-18
70999dccad82,2017-03-16,2017-04-12,2017-04-15
93bafcc884a3,2017-04-13,2017-04-13,2017-04-18
ae28259b5acb,2017-03-25,2017-04-12,2017-04-18
30037463f61f,2017-04-06,2017-04-12,2017-04-18
06b51e591db3,2017-04-07,2017-04-12,2017-04-18
f280e5cdaf66,2017-04-14,2017-04-14,2017-04-18
b824c1e38e61,2017-04-18,2017-04-18,2017-04-18
6fd9b3b93d54,2017-04-14,2017-04-14,2017-04-18
88f10d9c77fc,2017-03-22,2017-04-12,2017-04-18
182c91207836,2017-04-18,2017-04-18,2017-04-18
d14870b57582,2017-04-09,2017-04-12,2017-04-18
23a427c99155,2017-04-13,2017-04-13,2017-04-18
ef74c0cbbcf9,2017-04-13,2017-04-13,2017-04-18
ad9db6e7fcfb,2017-04-07,2017-04-12,2017-04-18
2fe8a12bfee1,2017-03-27,2017-04-12,2017-04-18
813bba3be576,2017-03-23,2017-04-12,2017-04-18
762b721d267f,2017-04-05,2017-04-12,2017-04-18
8e11ccf0d888,2017-03-16,2017-04-12,2017-04-15
1b3e5355d5c3,2017-04-05,2017-04-12,2017-04-18
f61098692d4b,2017-03-22,2017-04-12,2017-04-18
fda79b315d8f,2017-03-31,2017-04-12,2017-04-18
0e85944f94be,2017-04-17,2017-04-17,2017-04-18
85d10e49425e,2017-04-09,2017-04-12,2017-04-18
c9a1f779aff7,2017-03-15,2017-04-12,2017-04-14
35a7ee9641fe,2017-03-27,2017-04-12,2017-04-18
82561823686c,2017-03-28,2017-04-12,2017-04-18
e6f5ed53573b,2017-03-22,2017-04-12,2017-04-18
b891827b6595,2017-04-09,2017-04-12,2017-04-18
e837ba2adaa5,2017-03-28,2017-04-12,2017-04-18
b41bd679bb33,2017-03-13,2017-04-12,2017-04-12
61224eb650cd,2017-04-11,2017-04-12,2017-04-18
4cb534486b4f,2017-04-13,2017-04-13,2017-04-18
8bf8713a905a,2017-03-29,2017-04-12,2017-04-18
e853664026c0,2017-03-18,2017-04-12,2017-04-17
0c40a6445938,2017-04-10,2017-04-12,2017-04-18
9c4d5f5f5cc7,2017-04-07,2017-04-12,2017-04-18
5356846b80cb,2017-03-23,2017-04-12,2017-04-18
2e6fac3ba5e4,2017-03-21,2017-04-12,2017-04-18
93861b1aa366,2017-04-02,2017-04-12,2017-04-18
67969da9abf5,2017-04-06,2017-04-12,2017-04-18
b66a6d489884,2017-04-10,2017-04-12,2017-04-18
4aa28feb8346,2017-04-15,2017-04-15,2017-04-18
46c79aa6cd8e,2017-04-06,2017-04-12,2017-04-18
d187ecab4bd1,2017-03-17,2017-04-12,2017-04-16
8a8a0a3394fb,2017-04-11,2017-04-12,2017-04-18
0ecb083049f7,2017-04-17,2017-04-17,2017-04-18
38f678102a2c,2017-04-04,2017-04-12,2017-04-18
fddaed60c187,2017-04-17,2017-04-17,2017-04-18
38e7e131b863,2017-03-20,2017-04-12,2017-04-18
00b4d3fc9ba0,2017-04-09,2017-04-12,2017-04-17
83661f69fff8,2017-04-05,2017-04-12,2017-04-18
440e9a0307c8,2017-03-29,2017-04-12,2017-04-18
69169a20cb56,2017-04-05,2017-04-12,2017-04-18
28b3311bacfa,2017-04-07,2017-04-12,2017-04-18
baa2ce817358,2017-03-14,2017-04-12,2017-04-13
3ecf93ff1366,2017-04-06,2017-04-12,2017-04-18
3a38e11f8701,2017-04-11,2017-04-12,2017-04-18
dfb0447472d9,2017-04-13,2017-04-13,2017-04-18
57b099914db3,2017-04-14,2017-04-14,2017-04-15
391d92771ac6,2017-03-23,2017-04-12,2017-04-18
600b2936c64b,2017-03-17,2017-04-12,2017-04-16
b89fa30e2b08,2017-04-09,2017-04-12,2017-04-18
fc705260d00b,2017-03-31,2017-04-12,2017-04-18
0f5ec327bb0b,2017-02-21,2017-04-12,2017-04-18
223ce1565829,2017-04-09,2017-04-12,2017-04-18
e396a259e9c5,2017-04-09,2017-04-12,2017-04-18
7ab0622f302a,2017-03-18,2017-04-12,2017-04-16
e041462c31ca,2017-03-30,2017-04-12,2017-04-18
85576ddf6743,2017-04-05,2017-04-12,2017-04-18
b0656b8d73c5,2017-04-01,2017-04-12,2017-04-18
1c359f542841,2017-03-22,2017-04-12,2017-04-18
6e514c8115eb,2017-03-28,2017-04-12,2017-04-18
75f4a81188e6,2017-03-19,2017-04-12,2017-04-17
1f8e5afc6a2d,2017-04-08,2017-04-12,2017-04-18
6dcdfe663801,2017-03-31,2017-04-12,2017-04-18
5dd98c37803b,2017-03-23,2017-04-12,2017-04-18
c6cfab299630,2017-03-20,2017-04-12,2017-04-18
be0d57bfdf22,2017-04-12,2017-04-12,2017-04-18
9da3c7d01c29,2017-03-27,2017-04-12,2017-04-18
dfab259b853d,2017-03-31,2017-04-12,2017-04-18
d5398e760cc3,2017-04-10,2017-04-12,2017-04-18
b943fb79a6b0,2017-03-27,2017-04-12,2017-04-18
dcd5eb8f80d3,2017-04-17,2017-04-17,2017-04-18
ca942b267bc6,2017-04-07,2017-04-12,2017-04-18
a2cceb24f4b6,2017-04-04,2017-04-12,2017-04-18
372e0173a2fc,2017-03-20,2017-04-12,2017-04-18
ed256e7875cc,2017-03-27,2017-04-12,2017-04-18
fec0d70d1634,2017-04-14,2017-04-14,2017-04-18
b055a1df05b8,2017-04-12,2017-04-12,2017-04-18
c7f4f403dbe8,2017-03-19,2017-04-12,2017-04-17
3be25c660ee5,2017-04-10,2017-04-12,2017-04-18
2f244d5b327e,2017-04-08,2017-04-12,2017-04-18
be68b85ee2cd,2017-04-11,2017-04-12,2017-04-18
9171d1947614,2017-03-31,2017-04-12,2017-04-18
4da9c27fa443,2017-04-07,2017-04-12,2017-04-18
794ffda4cdf3,2017-03-31,2017-04-12,2017-04-18
2afff90b66e3,2017-04-16,2017-04-16,2017-04-18
9d223033c580,2017-04-15,2017-04-15,2017-04-18
b5a478f12432,2017-03-29,2017-04-12,2017-04-18
08cb4ca67d40,2017-03-15,2017-04-12,2017-04-13
bada47e5a8bf,2017-03-28,2017-04-12,2017-04-18
11a47446af5b,2017-03-18,2017-04-12,2017-04-16
99a6ee13a455,2017-04-08,2017-04-12,2017-04-18
f89862bf2366,2017-04-11,2017-04-12,2017-04-18
2e5e79920456,2017-04-06,2017-04-12,2017-04-18
68e03abde0a1,2017-03-17,2017-04-12,2017-04-16
129f919f8143,2017-03-25,2017-04-12,2017-04-18
bade61745c06,2017-04-16,2017-04-16,2017-04-18
179c30e0536e,2017-03-14,2017-04-12,2017-04-13
4c2b77b3268d,2017-03-14,2017-04-12,2017-04-13
a21589802c36,2017-03-14,2017-04-12,2017-04-13
a68fdab2c45b,2017-03-17,2017-04-12,2017-04-15
d4fbadc93db0,2017-03-18,2017-04-12,2017-04-16
2598643179a8,2017-04-07,2017-04-12,2017-04-18
f773356837b6,2017-04-03,2017-04-12,2017-04-18
a74aeabea79c,2017-04-10,2017-04-12,2017-04-18
254d1c0b4c37,2017-03-28,2017-04-12,2017-04-18
9e74f539a2a6,2017-04-05,2017-04-12,2017-04-18
eedaca5328a2,2017-03-16,2017-04-12,2017-04-15
f5ecbf5fc993,2017-04-08,2017-04-12,2017-04-13
de3dff6b2001,2017-03-27,2017-04-12,2017-04-18
0dca166405dd,2017-04-15,2017-04-15,2017-04-18
25e43e6690f5,2017-03-25,2017-04-12,2017-04-18
67733f24f321,2017-03-30,2017-04-12,2017-04-18
d4cfb05a0cf9,2017-04-14,2017-04-14,2017-04-18
5c88cb4a1d56,2017-04-16,2017-04-17,2017-04-18
a5850e430534,2017-03-25,2017-04-12,2017-04-18
d3e5b281abdc,2017-04-01,2017-04-12,2017-04-18
4c2e7ade0948,2017-03-24,2017-04-12,2017-04-18
49c8651c5e26,2017-03-20,2017-04-12,2017-04-18
15430e1f433c,2017-04-18,2017-04-18,2017-04-18
52a34cbfe7e6,2017-03-25,2017-04-12,2017-04-18
9491571ffda0,2017-04-12,2017-04-12,2017-04-18
25ee525c2350,2017-04-09,2017-04-12,2017-04-18
b267d8fb7448,2017-04-06,2017-04-12,2017-04-13
e14f05fae75f,2017-04-16,2017-04-16,2017-04-18
0501a936bc9c,2017-03-14,2017-04-12,2017-04-13
ff7a8ed75055,2017-03-30,2017-04-12,2017-04-18
2af774d1e5df,2017-03-15,2017-04-12,2017-04-14
f658a486ae9d,2017-03-22,2017-04-12,2017-04-18
2c6c0b8794a6,2017-04-07,2017-04-12,2017-04-18
c45d35a2af89,2017-03-29,2017-04-12,2017-04-18
9ba1c1e9098e,2017-04-01,2017-04-12,2017-04-18
895edf71da72,2017-03-29,2017-04-12,2017-04-15
c0e56c8307c4,2017-04-10,2017-04-12,2017-04-18
80f5cf89356d,2017-04-11,2017-04-12,2017-04-18
d68998a8e86f,2017-03-15,2017-04-12,2017-04-13
7144d5b433fa,2017-03-30,2017-04-12,2017-04-18
cb4aaaf01754,2017-04-03,2017-04-12,2017-04-18
f228cb69a1d6,2017-03-27,2017-04-12,2017-04-18
465c7feaa55f,2017-04-10,2017-04-12,2017-04-15
1bccef93bc2a,2017-03-29,2017-04-12,2017-04-18
d6031969452f,2017-04-07,2017-04-12,2017-04-18
3fe94faafd5f,2017-03-15,2017-04-12,2017-04-14
302522f5a007,2017-03-15,2017-04-12,2017-04-14
8ec13604af25,2017-04-12,2017-04-12,2017-04-18
9038b279d34b,2017-03-21,2017-04-12,2017-04-18
6abfa48c9438,2017-04-02,2017-04-12,2017-04-18
f0777e808f0a,2017-03-20,2017-04-12,2017-04-18
a020e1db92da,2017-04-06,2017-04-12,2017-04-18
1b93b64b2eb9,2017-04-11,2017-04-12,2017-04-18
91090f62a460,2017-03-22,2017-04-12,2017-04-18
bc08044344b3,2017-04-03,2017-04-12,2017-04-18
506f5ae43d9e,2017-03-14,2017-04-12,2017-04-12
2b14cae4d548,2017-04-05,2017-04-12,2017-04-18
020d6dfc0ccb,2017-03-21,2017-04-12,2017-04-18
190adae3aad5,2017-03-18,2017-04-12,2017-04-17
2171c254c9f8,2017-04-13,2017-04-13,2017-04-18
03b97c8c8ef5,2017-04-09,2017-04-12,2017-04-18
905f735ddb7e,2017-04-14,2017-04-14,2017-04-18
8025153a746a,2017-04-12,2017-04-12,2017-04-18
d6b04445d103,2017-04-16,2017-04-16,2017-04-18
987b3f60fa57,2017-03-13,2017-04-12,2017-04-12
e59172357de0,2017-03-19,2017-04-12,2017-04-18
af5d188e98aa,2017-03-30,2017-04-12,2017-04-18
8b1b9b887b58,2017-04-11,2017-04-12,2017-04-18
17a1196d0b20,2017-04-04,2017-04-12,2017-04-18
ecc63075d582,2017-03-28,2017-04-12,2017-04-18
982eb0e2a079,2017-03-30,2017-04-12,2017-04-18
0311ac6a0070,2017-03-26,2017-04-12,2017-04-18
b341b4c5e750,2017-03-18,2017-04-12,2017-04-17
a6cba258dd15,2017-03-14,2017-04-12,2017-04-13
72592b6b5263,2017-03-25,2017-04-12,2017-04-18
0b0d447946a3,2017-03-27,2017-04-12,2017-04-18
85c19bc71df5,2017-04-12,2017-04-12,2017-04-18
0488ff34a22a,2017-03-15,2017-04-12,2017-04-14
96994b35dfb3,2017-04-01,2017-04-12,2017-04-18
cf3eaa8f71f5,2017-03-29,2017-04-12,2017-04-18
6482ddd6b977,2017-03-30,2017-04-12,2017-04-18
3d559169e30a,2017-04-02,2017-04-12,2017-04-18
fcb0a440a656,2017-04-05,2017-04-12,2017-04-18
d87c86c75112,2017-03-28,2017-04-12,2017-04-18
d59373f6e062,2017-03-26,2017-04-12,2017-04-18
0bb30d93b2f2,2017-03-25,2017-04-12,2017-04-18
681b44f86ebd,2017-03-31,2017-04-12,2017-04-18
30bcdd2ab2e9,2017-03-14,2017-04-12,2017-04-13
14d3f2d9b92e,2017-04-01,2017-04-12,2017-04-18
2b2b4e63c784,2017-04-13,2017-04-13,2017-04-18
db09bd0ea937,2017-04-04,2017-04-12,2017-04-18
94a9837d0e48,2017-04-15,2017-04-15,2017-04-18
c072bb682655,2017-03-26,2017-04-12,2017-04-18
a617667f32e4,2017-04-02,2017-04-12,2017-04-18
24076f40ee97,2017-03-18,2017-04-12,2017-04-16
c8179e932087,2017-03-25,2017-04-12,2017-04-18
be378b5d143e,2017-03-31,2017-04-12,2017-04-18
dbb6a4845959,2017-04-17,2017-04-17,2017-04-18
0b83d9f7df7e,2017-04-02,2017-04-12,2017-04-18
335fad48eea0,2017-04-14,2017-04-14,2017-04-17
095f74c06064,2017-04-12,2017-04-12,2017-04-18
db16b671b25f,2017-04-09,2017-04-12,2017-04-18
b4392dee9da0,2017-03-29,2017-04-12,2017-04-18
3831a35ed9f3,2017-03-19,2017-04-12,2017-04-18
27bb852c1d1e,2017-04-14,2017-04-14,2017-04-18
c3e1da69c817,2017-04-08,2017-04-12,2017-04-18
94fbe363ecc3,2017-03-16,2017-04-12,2017-04-14
a7f316bd567a,2017-04-10,2017-04-12,2017-04-14
addceb2c4687,2017-04-04,2017-04-12,2017-04-18
df5d2c2a3d98,2017-04-15,2017-04-15,2017-04-18
c81c6e1302b4,2017-04-13,2017-04-13,2017-04-18
a38c777a1a80,2017-03-14,2017-04-12,2017-04-13
fb9059652598,2017-03-18,2017-04-12,2017-04-17
797374f910f9,2017-03-25,2017-04-12,2017-04-18
0467c895c2c7,2017-03-30,2017-04-12,2017-04-18
9a8940b9fd12,2017-03-23,2017-04-12,2017-04-18
3d427e83c361,2017-03-21,2017-04-12,2017-04-18
a7524951fafb,2017-03-14,2017-04-12,2017-04-12
d6930fec85a3,2017-04-10,2017-04-12,2017-04-18
80a554039d5b,2017-03-18,2017-04-12,2017-04-17
e16c85cbae5e,2017-04-15,2017-04-15,2017-04-18
90849ba1a487,2017-04-03,2017-04-12,2017-04-18
e6ac6278a4d1,2017-04-16,2017-04-16,2017-04-18
f736cff176b5,2017-03-26,2017-04-12,2017-04-18
dec07ebeb9b8,2017-03-27,2017-04-12,2017-04-13
1d6d2479c189,2017-03-17,2017-04-12,2017-04-16
b1af24186a33,2017-03-25,2017-04-12,2017-04-18
074541788386,2017-04-06,2017-04-12,2017-04-18
9107e3337042,2017-03-19,2017-04-12,2017-04-18
eafc11252291,2017-04-13,2017-04-13,2017-04-18
0d7eea055fc4,2017-03-29,2017-04-12,2017-04-18
9957a09f6878,2017-04-16,2017-04-16,2017-04-18
4730b60264f9,2017-04-04,2017-04-12,2017-04-18
48013d7d2bbc,2017-03-17,2017-04-12,2017-04-16
c0e57060b958,2017-04-04,2017-04-12,2017-04-18
c3af0e62891c,2017-04-09,2017-04-12,2017-04-18
5cae810e57be,2017-04-16,2017-04-16,2017-04-18
07ffa377593d,2017-03-31,2017-04-12,2017-04-18
83c17471f016,2017-03-21,2017-04-12,2017-04-18
454ad5db13a4,2017-04-10,2017-04-12,2017-04-18
090f4c0805b9,2017-03-15,2017-04-12,2017-04-14
e5dc48a52813,2017-03-26,2017-04-12,2017-04-18
60bffce74fa9,2017-04-08,2017-04-12,2017-04-18
4ea045be7021,2017-03-19,2017-04-12,2017-04-17
8919c82f73ff,2017-04-03,2017-04-12,2017-04-18
75bd36d90c22,2017-03-16,2017-04-12,2017-04-14
8c2083c62e06,2017-04-17,2017-04-17,2017-04-18
b5fb706f0233,2017-03-23,2017-04-12,2017-04-18
fe8b34b84430,2017-04-06,2017-04-12,2017-04-18
22596a96e8e8,2017-04-03,2017-04-12,2017-04-18
ffd1b1f47a50,2017-04-17,2017-04-17,2017-04-18
594849236a85,2017-04-09,2017-04-12,2017-04-13
20a5d323b0b2,2017-04-06,2017-04-12,2017-04-18
d66fc630b3d4,2017-04-07,2017-04-12,2017-04-18
34a539edb5fe,2017-03-26,2017-04-12,2017-04-18
0c070265dc2d,2017-04-05,2017-04-12,2017-04-18
8398abb98a0a,2017-04-05,2017-04-12,2017-04-18
b35587609f66,2017-04-06,2017-04-12,2017-04-18
172f58f95204,2017-04-01,2017-04-12,2017-04-18
aa83c0575845,2017-04-10,2017-04-12,2017-04-18
0414ce8807ee,2017-03-26,2017-04-12,2017-04-18
acebe2d9826c,2017-03-20,2017-04-12,2017-04-18
055390ff6b19,2017-04-11,2017-04-12,2017-04-18
983b931737e7,2017-03-30,2017-04-12,2017-04-18
3fd08bc39b74,2017-03-29,2017-04-12,2017-04-18
95ac29d194cd,2017-04-12,2017-04-12,2017-04-18
38ce0c95dcc5,2017-04-06,2017-04-12,2017-04-18
cb987480f274,2017-04-10,2017-04-12,2017-04-18
513f18699e50,2017-04-04,2017-04-12,2017-04-18
cb902648dd54,2017-03-16,2017-04-12,2017-04-14
ce63eccc061c,2017-03-28,2017-04-12,2017-04-18
b4d5b013e1d8,2017-04-08,2017-04-12,2017-04-18
73b99efab58f,2017-03-29,2017-04-12,2017-04-18
d5d505087715,2017-03-14,2017-04-12,2017-04-13
e9c4e131f283,2017-03-26,2017-04-12,2017-04-18
0c25a3cb1dc2,2017-03-28,2017-04-12,2017-04-18
ae99cd2542b1,2017-04-09,2017-04-12,2017-04-18
622368b5fbd2,2017-04-03,2017-04-12,2017-04-18
6bc51353d76f,2017-03-14,2017-04-12,2017-04-12
64be411c29d1,2017-04-09,2017-04-12,2017-04-18
8960f5e526c4,2017-04-03,2017-04-12,2017-04-18
f202ee049d01,2017-03-30,2017-04-12,2017-04-18
440f572e4ab7,2017-03-29,2017-04-12,2017-04-18
47bfdce32303,2017-04-12,2017-04-12,2017-04-18
5f3342a0c183,2017-03-24,2017-04-12,2017-04-16
25d870c1d6fc,2017-04-13,2017-04-13,2017-04-18
869c8b77b135,2017-04-02,2017-04-12,2017-04-18
8df4d712b6ea,2017-04-04,2017-04-12,2017-04-18
1418d6531e1c,2017-04-03,2017-04-12,2017-04-15
b1d65ce52096,2017-03-14,2017-04-12,2017-04-13
019b63fd4d8b,2017-03-22,2017-04-12,2017-04-18
0736c935ebbe,2017-04-17,2017-04-17,2017-04-18
25b0de2061cb,2017-04-07,2017-04-12,2017-04-18
f3d1e950ec4d,2017-04-05,2017-04-12,2017-04-18
cfe1121542b8,2017-04-07,2017-04-12,2017-04-18
6f7191c5de27,2017-04-17,2017-04-17,2017-04-18
d5a6d54eb80b,2017-03-25,2017-04-12,2017-04-18
f6aefaebe601,2017-03-20,2017-04-12,2017-04-18
333707d6f771,2017-03-19,2017-04-12,2017-04-17
91c7a3ab679b,2017-04-05,2017-04-12,2017-04-18
5eef8f898ea0,2017-04-12,2017-04-12,2017-04-18
f9ce73460de3,2017-04-17,2017-04-17,2017-04-18
5e614356d000,2017-04-03,2017-04-12,2017-04-18
3e85c35f34d3,2017-03-27,2017-04-12,2017-04-18
27e5cda01fad,2017-03-30,2017-04-12,2017-04-18
bb6c66e4d644,2017-04-07,2017-04-12,2017-04-18
e9a4d23d4ec6,2017-04-03,2017-04-12,2017-04-18
d34c69ba3df9,2017-04-11,2017-04-12,2017-04-18
c4d9de50e4b9,2017-03-29,2017-04-12,2017-04-18
4e81778f7a0a,2017-03-29,2017-04-12,2017-04-18
57c055ac22d2,2017-03-24,2017-04-12,2017-04-18
f66ecbd6483c,2017-04-16,2017-04-16,2017-04-18
d577fb06d397,2017-03-16,2017-04-12,2017-04-15
ba9b58effacf,2017-03-15,2017-04-12,2017-04-14
895868c62500,2017-04-05,2017-04-12,2017-04-18
c2e09581bdf3,2017-03-14,2017-04-12,2017-04-12
4371b8835bba,2017-04-12,2017-04-12,2017-04-18
3ba0abba5815,2017-03-18,2017-04-12,2017-04-17
488fe3397e91,2017-03-15,2017-04-12,2017-04-14
b15bd95e7895,2017-03-31,2017-04-12,2017-04-18
26d9a11cef43,2017-03-24,2017-04-12,2017-04-18
e3e3cf9d2eb2,2017-03-14,2017-04-12,2017-04-13
84527e8028a2,2017-03-19,2017-04-12,2017-04-18
abd79cfa2d2f,2017-03-19,2017-04-12,2017-04-18
d98cf28095a1,2017-04-17,2017-04-17,2017-04-18
791d84e03345,2017-04-17,2017-04-17,2017-04-18
411b33f74167,2017-04-18,2017-04-18,2017-04-18
78c1ff7bd89e,2017-03-27,2017-04-12,2017-04-18
8ed9abd99c27,2017-03-29,2017-04-12,2017-04-18
3d183012c1cf,2017-04-02,2017-04-12,2017-04-18
ec910953088a,2017-04-04,2017-04-12,2017-04-18
20e3ac112608,2017-04-03,2017-04-12,2017-04-18
617b443f365f,2017-03-29,2017-04-12,2017-04-18
2a4c6df5146f,2017-04-02,2017-04-12,2017-04-18
7309725804fb,2017-03-29,2017-04-12,2017-04-18
3f6e31a5f5c8,2017-03-30,2017-04-12,2017-04-18
c0d2751082d7,2017-04-08,2017-04-12,2017-04-18
dc17e10bf471,2017-03-17,2017-04-12,2017-04-16
bda868cf66ce,2017-03-26,2017-04-12,2017-04-18
c7cd96e3b606,2017-04-18,2017-04-18,2017-04-18
5fba61c2cb2d,2017-04-11,2017-04-12,2017-04-18
a0ee5f822cee,2017-03-14,2017-04-12,2017-04-12
5c5d8fdff6af,2017-03-28,2017-04-12,2017-04-18
aa89e2799c99,2017-04-02,2017-04-12,2017-04-18
4638aec6a377,2017-03-27,2017-04-12,2017-04-18
83297773bfa5,2017-03-29,2017-04-12,2017-04-18
20ce8b147ce0,2017-03-29,2017-04-12,2017-04-18
09ecb7c0b465,2017-03-24,2017-04-12,2017-04-18
d4d2f64b6d7e,2017-03-18,2017-04-12,2017-04-17
62492e898379,2017-04-09,2017-04-12,2017-04-18
0cf4815947c1,2017-04-10,2017-04-12,2017-04-18
124c316338ab,2017-03-28,2017-04-12,2017-04-18
61ff5a2bdae2,2017-04-15,2017-04-15,2017-04-15
02d1054ab019,2017-04-10,2017-04-12,2017-04-18
f460ec1f9425,2017-04-06,2017-04-12,2017-04-18
ba8103fe7747,2017-04-11,2017-04-12,2017-04-18
87015c8d4a61,2017-03-25,2017-04-12,2017-04-18
4ffea9e40802,2017-04-11,2017-04-12,2017-04-18
a384f2eef552,2017-04-17,2017-04-17,2017-04-18
e0c6d07f3450,2017-04-06,2017-04-12,2017-04-18
72760140e42a,2017-04-02,2017-04-12,2017-04-18
ac9484c4fc38,2017-04-17,2017-04-17,2017-04-18
28051af9ec94,2017-03-27,2017-04-12,2017-04-18
24fe75cb10d3,2017-03-15,2017-04-12,2017-04-14
63cf5ab2c870,2017-04-11,2017-04-12,2017-04-18
ad2fc3a366df,2017-03-20,2017-04-12,2017-04-18
cdf4658f4f5e,2017-04-12,2017-04-12,2017-04-18
f6af5739b459,2017-03-16,2017-04-12,2017-04-15
17a34472403b,2017-03-24,2017-04-12,2017-04-18
3387f81abb06,2017-03-25,2017-04-12,2017-04-18
09dfc0916b17,2017-03-25,2017-04-12,2017-04-18
99ed3502c9a2,2017-03-16,2017-04-12,2017-04-14
a811c1b41081,2017-04-02,2017-04-12,2017-04-18
7ae2486cb5b3,2017-04-18,2017-04-18,2017-04-18
0760c9605afe,2017-03-25,2017-04-12,2017-04-18
431cbf64a824,2017-04-15,2017-04-15,2017-04-18
c7b3848cde2e,2017-03-19,2017-04-12,2017-04-18
85f9caf2366e,2017-03-27,2017-04-12,2017-04-18
6281f5911e00,2017-04-02,2017-04-12,2017-04-18
c087eaf75b91,2017-04-08,2017-04-12,2017-04-18
1032cd772dd9,2017-03-26,2017-04-12,2017-04-18
0fba7fef7871,2017-03-25,2017-04-12,2017-04-18
7188ec22c8c2,2017-04-14,2017-04-14,2017-04-18
e91faaa209f4,2017-03-17,2017-04-12,2017-04-16
796ea02dbf2e,2017-04-17,2017-04-17,2017-04-18
ae3ad480202c,2017-03-16,2017-04-12,2017-04-15
6934a2b04abe,2017-04-01,2017-04-12,2017-04-18
2e28b5352dcc,2017-03-21,2017-04-12,2017-04-18
cb1b7def057e,2017-04-01,2017-04-12,2017-04-18
448401580e62,2017-04-07,2017-04-12,2017-04-18
d2612ab5b031,2017-04-02,2017-04-12,2017-04-18
c2f741d642ad,2017-03-25,2017-04-12,2017-04-18
f9156dceb671,2017-04-10,2017-04-12,2017-04-18
b7c88c88c7f4,2017-04-02,2017-04-12,2017-04-18
45653fd7b049,2017-04-10,2017-04-12,2017-04-18
0ba0e702a67f,2017-04-06,2017-04-12,2017-04-18
b6c932f8ccd4,2017-04-14,2017-04-14,2017-04-18
ba344011df5a,2017-04-04,2017-04-12,2017-04-18
455970fa2d76,2017-04-11,2017-04-12,2017-04-18
7f8a53e4282f,2017-04-10,2017-04-12,2017-04-18
124aeae19970,2017-04-01,2017-04-12,2017-04-18
c17bb481030e,2017-04-04,2017-04-12,2017-04-18
b2e305dc1866,2017-04-11,2017-04-12,2017-04-18
67a8a56f8f6a,2017-03-24,2017-04-12,2017-04-18
065328c979ba,2017-04-11,2017-04-12,2017-04-18
0c1c10dc9f5f,2017-03-27,2017-04-12,2017-04-18
a0b2f7fbfbb7,2017-04-10,2017-04-12,2017-04-18
192de5bb9b6f,2017-04-03,2017-04-12,2017-04-18
c660e71feb50,2017-04-07,2017-04-12,2017-04-18
fff265b417b8,2017-03-14,2017-04-12,2017-04-12
268daafba37e,2017-04-10,2017-04-12,2017-04-18
6542b84647d2,2017-04-05,2017-04-12,2017-04-18
b83fc90a846f,,2017-04-12,2017-04-18
00c8506671c5,2017-03-28,2017-04-12,2017-04-18
d3704487e57b,2017-04-11,2017-04-12,2017-04-18
fd1d4ac4b3c9,2017-04-07,2017-04-12,2017-04-18
758157d47b9f,2017-04-09,2017-04-12,2017-04-18
8570211fbd2c,2017-03-22,2017-04-12,2017-04-18
155cc9cfb90d,2017-04-02,2017-04-12,2017-04-18
a2d0ee30dc50,2017-04-02,2017-04-12,2017-04-18
45a9e70b1b57,2017-03-26,2017-04-12,2017-04-18
e1b7e727ec51,2017-04-04,2017-04-12,2017-04-18
82b0a61ba678,2017-04-09,2017-04-12,2017-04-18
54f9fbcc303c,2017-04-16,2017-04-16,2017-04-18
e8c791534e31,2017-04-05,2017-04-12,2017-04-15
9fd553aa4a54,2017-03-13,2017-04-12,2017-04-12
a36b3967dff3,2017-03-30,2017-04-12,2017-04-18
d8d26edbb956,2017-03-19,2017-04-12,2017-04-17
c5ce506fcc00,2017-03-16,2017-04-12,2017-04-14
a4370b9aec0c,2017-03-16,2017-04-12,2017-04-15
7f68fe00de43,2017-03-18,2017-04-12,2017-04-16
ee3761f1fd57,2017-03-21,2017-04-12,2017-04-18
94b5f521125f,2017-04-08,2017-04-12,2017-04-18
3134dffc62a1,2017-03-29,2017-04-12,2017-04-18
1460e6d385ee,2017-04-10,2017-04-12,2017-04-18
073a21f2174a,2017-04-11,2017-04-12,2017-04-14
dbff98d1f13f,2017-04-11,2017-04-12,2017-04-18
39977b1ca744,2017-04-01,2017-04-12,2017-04-18
1bec6ea015c9,2017-03-20,2017-04-12,2017-04-18
436024f44984,2017-03-29,2017-04-12,2017-04-18
62b666cce43b,2017-03-29,2017-04-12,2017-04-18
4da7d28040ad,2017-03-18,2017-04-12,2017-04-16
7ac4cf963ebc,2017-04-15,2017-04-15,2017-04-18
8818596b9ca6,2017-03-24,2017-04-12,2017-04-18
b4c6490bcb86,2017-04-05,2017-04-12,2017-04-18
1aba6b527e87,2017-03-23,2017-04-12,2017-04-18
2cce7af59a2c,2017-04-17,2017-04-17,2017-04-18
a763ef8b8c70,2017-04-10,2017-04-12,2017-04-18
3cd318d13413,2017-03-20,2017-04-12,2017-04-18
6155ce181679,2017-04-12,2017-04-12,2017-04-18
56d5c31b38c4,2017-04-06,2017-04-12,2017-04-18
ed27b214ac94,2017-03-27,2017-04-12,2017-04-18
addbe22b6883,2017-04-13,2017-04-13,2017-04-18
d03cefe43be8,2017-04-07,2017-04-12,2017-04-18
31bb49cfc40f,2017-04-06,2017-04-12,2017-04-18
296c45140fb9,2017-03-24,2017-04-12,2017-04-18
b7126fb0ff13,2017-03-18,2017-04-12,2017-04-17
781dabde7c7f,2017-04-02,2017-04-12,2017-04-18
2d52cf1dc88d,2017-04-03,2017-04-12,2017-04-18
0a777c1110ae,2017-04-11,2017-04-12,2017-04-18
ccbc7658c5a9,2017-04-04,2017-04-12,2017-04-17
eb4565b434f6,2017-04-15,2017-04-15,2017-04-18
91c69bc05d12,2017-03-15,2017-04-12,2017-04-13
9e397fa4e08d,2017-03-19,2017-04-12,2017-04-17
ec9eb1193280,2017-04-03,2017-04-12,2017-04-18
9b54b396ee7e,2017-03-22,2017-04-12,2017-04-18
9779bf48e038,2017-04-13,2017-04-13,2017-04-18
f7401ed6080e,2017-03-30,2017-04-12,2017-04-18
3919a2aaa195,2017-04-05,2017-04-12,2017-04-18
3007d2671ba2,2017-03-27,2017-04-12,2017-04-18
5628d26c388e,2017-03-31,2017-04-12,2017-04-18
56bf99fb38eb,2017-03-20,2017-04-12,2017-04-18
c759ebf4f232,2017-04-03,2017-04-12,2017-04-18
6c2ec252833c,2017-03-23,2017-04-12,2017-04-18
8a6f8a80ce23,2017-04-05,2017-04-12,2017-04-18
cf2fc74b71f9,2017-04-03,2017-04-12,2017-04-18
16318cdadad0,2017-04-02,2017-04-12,2017-04-18
123226bbba13,2017-04-05,2017-04-12,2017-04-18
4db8614d0236,2017-03-15,2017-04-12,2017-04-14
b63dc19558eb,2017-04-10,2017-04-12,2017-04-18
ce08d8edcec0,2017-03-14,2017-04-12,2017-04-13
1f4cffaed4e7,2017-03-17,2017-04-12,2017-04-16
faf03ab0a68e,2017-04-10,2017-04-12,2017-04-18
cbbe07288b21,2017-04-17,2017-04-17,2017-04-18
5d07df17b2c3,2017-04-06,2017-04-12,2017-04-18
ad728f5e8253,2017-03-31,2017-04-12,2017-04-18
8f2abb4f0b26,2017-04-11,2017-04-12,2017-04-16
d6bd34a82129,2017-03-15,2017-04-12,2017-04-13
defb012f2ba3,2017-03-17,2017-04-12,2017-04-15
413bd6466d5e,2017-04-09,2017-04-12,2017-04-18
dbc7222869f9,2017-03-26,2017-04-12,2017-04-18
83aa66e87b4e,2017-04-01,2017-04-12,2017-04-18
be0711d0684c,2017-03-30,2017-04-12,2017-04-18
6dd8cc9edc65,2017-03-20,2017-04-12,2017-04-18
4de002623fe2,2017-04-17,2017-04-17,2017-04-18
54d3931641cf,2017-04-11,2017-04-12,2017-04-18
0d510a668a35,2017-03-25,2017-04-12,2017-04-18
e1fb85da6186,2017-03-29,2017-04-12,2017-04-18
e6d4b4187d77,2017-04-11,2017-04-12,2017-04-13
95101e245267,2017-04-06,2017-04-12,2017-04-18
aa2d064d90be,2017-04-18,2017-04-18,2017-04-18
5e13c090e81c,2017-04-03,2017-04-12,2017-04-18
551cdc58d98c,2017-04-11,2017-04-12,2017-04-17
76184c1748cd,2017-04-09,2017-04-12,2017-04-14
7061a4381e59,2017-04-17,2017-04-17,2017-04-18
086f94723f1d,2017-03-16,2017-04-12,2017-04-15
1c98708e8f7e,2017-04-11,2017-04-12,2017-04-18
b4e27eeaba2e,2017-04-03,2017-04-12,2017-04-18
7278ca8b89ea,2017-04-12,2017-04-12,2017-04-18
fdb1247c3581,2017-03-31,2017-04-12,2017-04-18
6e04f7d6be09,2017-03-19,2017-04-12,2017-04-18
23d812aea555,2017-03-24,2017-04-12,2017-04-18
933eb83fff5d,2017-03-30,2017-04-12,2017-04-18
bd2382bc38b5,2017-03-24,2017-04-12,2017-04-18
bd8d8225e68b,2017-04-13,2017-04-13,2017-04-18
0a92c50a84e5,2017-04-10,2017-04-12,2017-04-18
c398bee64176,2017-03-20,2017-04-12,2017-04-18
28ffeef75a0c,2017-03-27,2017-04-12,2017-04-18
a589d2becf5f,2017-03-27,2017-04-12,2017-04-18
242a35589b69,2017-03-19,2017-04-12,2017-04-17
612539ed98bc,2017-04-17,2017-04-17,2017-04-18
12b88eb1e7dd,2017-04-11,2017-04-12,2017-04-18
2b1c2085f699,2017-04-05,2017-04-12,2017-04-18
90526c7007bc,2017-04-16,2017-04-16,2017-04-18
2a6366693fae,2017-03-30,2017-04-12,2017-04-18
d03ddc5e2281,2017-04-07,2017-04-12,2017-04-18
932b5eba819d,2017-03-23,2017-04-12,2017-04-18
ee0c622e3fbd,2017-03-30,2017-04-12,2017-04-18
8339a4e5234f,2017-03-25,2017-04-12,2017-04-18
e03760fd9d11,2017-04-04,2017-04-12,2017-04-18
161bb10521b1,2017-04-14,2017-04-14,2017-04-18
8f824e6427b9,2017-04-11,2017-04-12,2017-04-18
4cc1bc573e6a,2017-04-11,2017-04-12,2017-04-18
5e7cfebaa328,2017-04-06,2017-04-12,2017-04-13
ba80288cdc41,2017-04-06,2017-04-12,2017-04-18
69d8533bc913,2017-04-14,2017-04-14,2017-04-18
5ec10ea0248a,2017-03-30,2017-04-12,2017-04-18
63897a863e52,2017-03-22,2017-04-12,2017-04-18
8cf0222420a7,2017-04-09,2017-04-12,2017-04-18
11034cd1356e,2017-04-17,2017-04-17,2017-04-18
3af3535a232b,2017-04-03,2017-04-12,2017-04-18
cfb330f45883,2017-04-10,2017-04-12,2017-04-18
d2cf7f72f580,2017-03-21,2017-04-12,2017-04-18
5fdedce8fb2f,2017-03-22,2017-04-12,2017-04-18
71313822927d,2017-03-23,2017-04-12,2017-04-18
4426782156b4,2017-04-17,2017-04-17,2017-04-18
363ea9781ed1,2017-03-19,2017-04-12,2017-04-18
f2fccde73f70,2017-03-23,2017-04-12,2017-04-18
57c568db8b28,2017-04-11,2017-04-12,2017-04-18
be7a8e9e4817,2017-04-18,2017-04-18,2017-04-18
acc82112bdc6,2017-04-14,2017-04-14,2017-04-18
aec343c918fe,2017-03-16,2017-04-12,2017-04-14
641cd6cd849a,2017-04-13,2017-04-13,2017-04-15
a0e7f2de7957,2017-04-02,2017-04-12,2017-04-18
35bb9aa97820,2017-04-01,2017-04-12,2017-04-18
0343107034ac,2017-03-28,2017-04-12,2017-04-18
84219f259a37,2017-04-03,2017-04-12,2017-04-18
c38c01ebdd73,2017-03-27,2017-04-12,2017-04-18
2a4761b0bef2,2017-03-27,2017-04-12,2017-04-18
be7e365ba8cc,2017-03-24,2017-04-12,2017-04-18
3b1990999a9f,2017-04-14,2017-04-14,2017-04-18
303d329df95e,2017-03-19,2017-04-12,2017-04-18
05d6db8e3280,2017-04-13,2017-04-13,2017-04-18
5aedfb36ec15,2017-04-11,2017-04-12,2017-04-17
e01938594c5b,2017-03-14,2017-04-12,2017-04-13
77ff3228b1b6,2017-04-14,2017-04-14,2017-04-18
f92e46e2c2b7,2017-03-25,2017-04-12,2017-04-18
9abca71bb674,2017-03-27,2017-04-12,2017-04-18
5b50e6c9af02,2017-04-18,2017-04-18,2017-04-18
71700d7a96d5,2017-04-17,2017-04-17,2017-04-18
37a1dc795496,2017-04-10,2017-04-12,2017-04-18
779ba790ded3,2017-04-04,2017-04-12,2017-04-18
3edd11b52df2,2017-04-02,2017-04-12,2017-04-18
6b9bb6fbb936,2017-03-22,2017-04-12,2017-04-18
209e68c03b54,2017-03-16,2017-04-12,2017-04-15
7936b2b7b0d9,2017-03-24,2017-04-12,2017-04-18
3434c82ed62d,2017-04-10,2017-04-12,2017-04-18
bbc2e8808151,2017-03-30,2017-04-12,2017-04-18
bef3e301654f,2017-04-04,2017-04-12,2017-04-18
1836bb6d74f4,2017-04-15,2017-04-15,2017-04-18
768ee1d1d8dc,2017-03-19,2017-04-12,2017-04-17
65e7468d660c,2017-04-13,2017-04-13,2017-04-18
55dcb84615f0,2017-03-19,2017-04-12,2017-04-18
f6eee52c833a,2017-03-22,2017-04-12,2017-04-18
66f819d253c4,2017-03-31,2017-04-12,2017-04-18
ea6f53eef62f,2017-04-04,2017-04-12,2017-04-18
5f44b31e2560,2017-03-25,2017-04-12,2017-04-18
2e17ae5145a6,2017-04-04,2017-04-12,2017-04-18
8c6ab3390f47,2017-03-22,2017-04-12,2017-04-18
084a00cd2463,2017-03-30,2017-04-12,2017-04-18
f5e9b6670e91,2017-04-07,2017-04-12,2017-04-15
a01482fdc5d4,2017-03-18,2017-04-12,2017-04-17
ea9d1664d750,2017-03-20,2017-04-12,2017-04-18
328cd092cf80,2017-03-20,2017-04-12,2017-04-18
f6eb5c961354,2017-04-10,2017-04-12,2017-04-18
b35142f54f80,2017-03-20,2017-04-12,2017-04-18
158489a4c670,2017-03-31,2017-04-12,2017-04-18
9693198fa8dd,2017-03-16,2017-04-12,2017-04-15
6b5ef8497659,2017-04-13,2017-04-13,2017-04-18
ef82aa475d6d,2017-04-07,2017-04-12,2017-04-18
1b3db6896047,2017-03-24,2017-04-12,2017-04-18
af531c2c8e0e,2017-03-28,2017-04-12,2017-04-18
6301b7a66575,2017-04-09,2017-04-12,2017-04-18
8a4959714ca6,2017-04-05,2017-04-12,2017-04-18
439a2ae693d7,2017-04-10,2017-04-12,2017-04-18
b4d64e751ac5,2017-03-28,2017-04-12,2017-04-18
f57c6f7f5b07,2017-04-05,2017-04-12,2017-04-18
68a939b9e6a0,2017-04-01,2017-04-12,2017-04-18
791572e5e674,2017-04-17,2017-04-17,2017-04-18
79f1ed920a99,2017-03-17,2017-04-12,2017-04-15
9903dbd21aaa,2017-04-11,2017-04-12,2017-04-18
5aec92c556d5,2017-03-30,2017-04-12,2017-04-18
9e231449fe7d,2017-04-15,2017-04-15,2017-04-18
e5fc4f0f0ba2,2017-04-06,2017-04-12,2017-04-18
b54216e76161,2017-03-22,2017-04-12,2017-04-18
3aeffb9077ad,2017-04-02,2017-04-12,2017-04-18
0bc1cef34132,2017-03-25,2017-04-12,2017-04-18
3593fd1df2a0,2017-04-06,2017-04-12,2017-04-18
463cb8ac44dd,2017-04-10,2017-04-12,2017-04-18
f34a1301605d,2017-04-12,2017-04-12,2017-04-18
65fe82182afc,2017-03-16,2017-04-12,2017-04-14
44456a6740ee,2017-04-15,2017-04-15,2017-04-18
35f786035d85,2017-03-28,2017-04-12,2017-04-18
a469ee6edee8,2017-04-05,2017-04-12,2017-04-18
875a4e0659e1,2017-03-25,2017-04-12,2017-04-18
070d081a44d2,2017-04-12,2017-04-12,2017-04-18
1049ebb773a8,2017-03-19,2017-04-12,2017-04-18
8fe77efa3f4b,2017-03-26,2017-04-12,2017-04-18
a20f2f88e7bf,2017-04-14,2017-04-14,2017-04-18
edfeb8f2a1ae,2017-04-14,2017-04-14,2017-04-18
d72c8d2a92b3,2017-03-15,2017-04-12,2017-04-14
490e8523dd18,2017-03-27,2017-04-12,2017-04-18
c9a60e6c6d66,2017-03-21,2017-04-12,2017-04-18
f7f463e76a9b,2017-03-25,2017-04-12,2017-04-18
896dca62df08,2017-03-27,2017-04-12,2017-04-18
ed995e139777,2017-04-02,2017-04-12,2017-04-18
783186d22ff1,2017-03-14,2017-04-12,2017-04-13
c24015ad8ca6,2017-03-24,2017-04-12,2017-04-18
f1c1b646c6a7,2017-04-14,2017-04-14,2017-04-18
3c406d53a226,2017-03-30,2017-04-12,2017-04-18
3b439abaccf7,2017-03-30,2017-04-12,2017-04-18
bb590d358728,2017-04-05,2017-04-12,2017-04-18
f8f59e7898ce,2017-03-29,2017-04-12,2017-04-18
6df5e12e059f,2017-03-28,2017-04-12,2017-04-18
c7c461be6433,2017-03-21,2017-04-12,2017-04-18
f7598ea4964a,2017-04-11,2017-04-12,2017-04-18
a298f96dfb5f,2017-04-01,2017-04-12,2017-04-18
cf04d7686791,2017-03-15,2017-04-12,2017-04-14
c7b8f4a90387,2017-03-24,2017-04-12,2017-04-18
d76620d66ee1,2017-03-15,2017-04-12,2017-04-14
12dfb66b20ce,2017-03-21,2017-04-12,2017-04-18
1427d7d53a72,2017-03-20,2017-04-12,2017-04-18
f428bb533de9,2017-04-04,2017-04-12,2017-04-18
c48567e4ada4,2017-03-29,2017-04-12,2017-04-18
b5f16f02256e,2017-04-13,2017-04-13,2017-04-18
b55117939f06,2017-03-26,2017-04-12,2017-04-18
1468d3b6bbf3,2017-03-14,2017-04-12,2017-04-13
0f9d62ee8ac2,2017-04-02,2017-04-12,2017-04-18
c32b1559a50f,2017-04-15,2017-04-15,2017-04-18
e600823d7dd0,2017-04-11,2017-04-12,2017-04-18
fc8e53e4c8af,2017-03-29,2017-04-12,2017-04-18
dbaefba535e6,2017-04-12,2017-04-12,2017-04-18
6165aeb2a1d8,2017-03-27,2017-04-12,2017-04-18
03c0fe72dd06,2017-03-22,2017-04-12,2017-04-18
7509135c0113,2017-03-20,2017-04-12,2017-04-18
b40679008475,2017-03-30,2017-04-12,2017-04-18
78dd0c6d4f3f,2017-03-22,2017-04-12,2017-04-18
a882f8f30ab8,2017-04-06,2017-04-12,2017-04-18
e2b5401eabed,2017-03-21,2017-04-12,2017-04-18
113e50d38e84,2017-03-16,2017-04-12,2017-04-15
78bdd2d6ec25,2017-03-14,2017-04-12,2017-04-12
b435bcaf86d3,2017-04-04,2017-04-12,2017-04-18
9a150bd17ae3,2017-03-26,2017-04-12,2017-04-18
e942dbe94560,2017-03-22,2017-04-12,2017-04-18
83b48b39a636,2017-04-06,2017-04-12,2017-04-18
1d4fb7db9ae8,2017-04-04,2017-04-12,2017-04-18
5d52f50b8d9b,2017-04-17,2017-04-17,2017-04-18
e368160d236a,2017-03-19,2017-04-12,2017-04-17
b83695777149,2017-04-06,2017-04-12,2017-04-18
c22822e955b7,2017-03-14,2017-04-12,2017-04-13
c74ec3a142d1,2017-03-29,2017-04-12,2017-04-18
d6bf6f6ee5c9,2017-04-07,2017-04-12,2017-04-18
f1f95e7511f9,2017-04-17,2017-04-17,2017-04-18
5f5e7d580399,2017-03-24,2017-04-12,2017-04-18
8861c13703cf,2017-04-10,2017-04-12,2017-04-15
b42346e73101,2017-03-30,2017-04-12,2017-04-18
ac060bd94681,2017-04-13,2017-04-13,2017-04-18
f9c45faa627a,2017-04-05,2017-04-12,2017-04-18
4bbb5b33216b,2017-04-14,2017-04-14,2017-04-18
cc94fb102508,2017-04-08,2017-04-12,2017-04-18
cb9aa843439e,2017-04-10,2017-04-12,2017-04-18
48086d274704,2017-03-25,2017-04-12,2017-04-18
d5f778f894c8,2017-03-31,2017-04-12,2017-04-18
fea169d44890,2017-03-31,2017-04-12,2017-04-14
ddc391baca25,2017-03-14,2017-04-12,2017-04-13
a9471b1ca5d0,2017-03-25,2017-04-12,2017-04-18
d9c0af7ee562,2017-04-03,2017-04-12,2017-04-18
3746265b075c,2017-04-09,2017-04-12,2017-04-18
5488cb62f7b3,2017-03-26,2017-04-12,2017-04-18
e8949ed09ced,2017-03-28,2017-04-12,2017-04-18
3e597d970fc0,2017-03-14,2017-04-12,2017-04-13
dbc030cd3274,2017-04-03,2017-04-12,2017-04-18
c448e1a0ab8a,2017-03-15,2017-04-12,2017-04-13
5a1070f19623,2017-04-03,2017-04-12,2017-04-18
4f081e701460,2017-04-13,2017-04-13,2017-04-18
b129455ef361,2017-04-03,2017-04-12,2017-04-18
c9a3772f7aa3,2017-04-01,2017-04-12,2017-04-18
484387361192,2017-03-23,2017-04-12,2017-04-18
ef9c06c3b1b4,2017-04-08,2017-04-12,2017-04-18
1749c8571bb5,2017-04-14,2017-04-14,2017-04-18
13b1da53ada5,2017-04-17,2017-04-17,2017-04-18
7a2e2598b184,2017-04-05,2017-04-12,2017-04-18
77e7660203ff,2017-03-28,2017-04-12,2017-04-18
b6f23d498b39,2017-03-23,2017-04-12,2017-04-18
cac61a4341d8,2017-04-09,2017-04-12,2017-04-18
bf81f792fed0,2017-04-10,2017-04-12,2017-04-18
d6d1afe6f6a1,2017-04-04,2017-04-12,2017-04-18
e59582202509,2017-03-19,2017-04-12,2017-04-17
3535aee1cd30,2017-03-28,2017-04-12,2017-04-18
fc8522b492ce,2017-03-29,2017-04-12,2017-04-18
d08b214ad0e0,2017-03-15,2017-04-12,2017-04-13
c78543aabffd,2017-03-17,2017-04-12,2017-04-16
7539cd1c8c09,2017-04-12,2017-04-12,2017-04-18
b8656662826e,2017-03-26,2017-04-12,2017-04-18
22ee7638d439,2017-04-12,2017-04-12,2017-04-18
c974da108cfe,2017-03-29,2017-04-12,2017-04-18
9cd8b59dfbf9,2017-03-14,2017-04-12,2017-04-13
30c1ae650af0,2017-03-16,2017-04-12,2017-04-15
b44ab0078458,2017-03-31,2017-04-12,2017-04-18
2aca8a13a34f,2017-03-23,2017-04-12,2017-04-18
9e244b4958fd,2017-03-29,2017-04-12,2017-04-18
25afb1d62377,2017-03-14,2017-04-12,2017-04-13
a5c56ebf1add,2017-04-11,2017-04-12,2017-04-18
29846dfcd1d8,2017-03-17,2017-04-12,2017-04-16
a86880252ef4,2017-03-28,2017-04-12,2017-04-18
243ba487dfab,2017-03-25,2017-04-12,2017-04-18
c25d7e918c75,2017-04-05,2017-04-12,2017-04-18
2eaf223f56f2,2017-04-11,2017-04-12,2017-04-18
05ec5286645e,2017-03-30,2017-04-12,2017-04-18
61b0b7c6febe,2017-03-17,2017-04-12,2017-04-15
dc72db774455,2017-04-17,2017-04-17,2017-04-18
8ac42cdcb6de,2017-03-25,2017-04-12,2017-04-18
87ca571b68bc,2017-04-17,2017-04-17,2017-04-18
a86fa16673e6,2017-03-21,2017-04-12,2017-04-18
4f25d97e0c6e,2017-03-19,2017-04-12,2017-04-18
84ec7a18355d,2017-04-10,2017-04-12,2017-04-18
9e5f4b6f2ca1,2017-04-03,2017-04-12,2017-04-18
01e7adcb009b,2017-04-14,2017-04-14,2017-04-18
b29748313cbe,2017-04-14,2017-04-14,2017-04-18
501e5d28f958,2017-04-13,2017-04-13,2017-04-18
87e09259bf6f,2017-03-17,2017-04-12,2017-04-16
1a9ba20008aa,2017-04-01,2017-04-12,2017-04-18
468816f9fb3f,2017-03-15,2017-04-12,2017-04-14
a3456c18bd17,2017-04-02,2017-04-12,2017-04-17
89ee458c020e,2017-04-09,2017-04-12,2017-04-15
b2967ed4e0a7,2017-04-06,2017-04-12,2017-04-18
00d494ee500c,2017-03-28,2017-04-12,2017-04-18
4ecd451d84ce,2017-04-05,2017-04-12,2017-04-18
9b842bf80fb5,2017-03-20,2017-04-12,2017-04-18
b6ab8f97ebe9,2017-03-14,2017-04-12,2017-04-12
a2d91c0eb22a,2017-03-28,2017-04-12,2017-04-18
ba1098af2765,2017-04-18,2017-04-18,2017-04-18
0eb81e5d8e17,2017-03-14,2017-04-12,2017-04-13
c5ed9559e825,2017-03-26,2017-04-12,2017-04-18
53928f33e832,2017-04-11,2017-04-12,2017-04-18
12d665de114a,2017-03-26,2017-04-12,2017-04-18
3844abb3a35f,2017-04-02,2017-04-12,2017-04-18
7c31693fa1eb,2017-04-17,2017-04-17,2017-04-18
7ec30fc014dd,2017-04-09,2017-04-12,2017-04-18
d3f7ac176eb8,2017-03-22,2017-04-12,2017-04-18
a07b0a816905,2017-03-28,2017-04-12,2017-04-18
4b098cb145cf,2017-03-30,2017-04-12,2017-04-18
9e806f50fbe0,2017-04-12,2017-04-12,2017-04-18
2e66eeb0fc66,2017-03-04,2017-04-12,2017-04-17
363bcea9bee7,2017-04-08,2017-04-12,2017-04-18
febd0fd37084,2017-04-15,2017-04-15,2017-04-18
f296509ab2b6,2017-03-20,2017-04-12,2017-04-18
9a10ea475fac,2017-04-05,2017-04-12,2017-04-18
cf7ebbf8dfb0,2017-04-06,2017-04-12,2017-04-18
1a0d87b4d4c7,2017-03-28,2017-04-12,2017-04-18
a471aecdbbf9,2017-04-11,2017-04-12,2017-04-18
c1fffda18e38,2017-03-28,2017-04-12,2017-04-18
e220261a9b56,2017-03-19,2017-04-12,2017-04-18
29a955fc8126,2017-03-17,2017-04-12,2017-04-16
318bb90cf0b0,2017-04-18,2017-04-18,2017-04-18
66880e34a598,2017-03-16,2017-04-12,2017-04-16
725889031068,2017-04-17,2017-04-17,2017-04-18
eb840534fa7d,2017-03-28,2017-04-12,2017-04-18
8559ec69d3aa,2017-04-16,2017-04-16,2017-04-18
065d5e0d0085,2017-04-12,2017-04-12,2017-04-18
b520350d8b65,2017-03-27,2017-04-12,2017-04-18
af2b4bf4ce87,2017-03-17,2017-04-12,2017-04-15
a40a6742abf4,2017-04-11,2017-04-12,2017-04-18
3a6ae1bbcb3c,2017-04-01,2017-04-12,2017-04-18
4566223dad94,2017-03-25,2017-04-12,2017-04-18
bb66921f2773,2017-03-24,2017-04-12,2017-04-18
78a07b3bdd39,2017-04-05,2017-04-12,2017-04-18
dd2bb368d0ea,2017-04-13,2017-04-13,2017-04-18
f721d9970a2e,2017-04-04,2017-04-12,2017-04-18
97d6f25dfd66,2017-04-02,2017-04-12,2017-04-13
6cb262541bb5,2017-04-17,2017-04-17,2017-04-18
3acd88153d32,2017-04-04,2017-04-12,2017-04-18
acd4879545c3,2017-03-18,2017-04-12,2017-04-16
55b9259cb0c4,2017-04-07,2017-04-12,2017-04-18
565cd6536388,2017-03-26,2017-04-12,2017-04-18
c893b2820a68,2017-04-06,2017-04-12,2017-04-18
046240ee922b,2017-04-02,2017-04-12,2017-04-18
ba764be38012,2017-03-19,2017-04-12,2017-04-18
16ba0d27c21b,2017-04-02,2017-04-12,2017-04-18
5451356aca22,2017-03-19,2017-04-12,2017-04-18
0bc647c07c07,2017-03-17,2017-04-12,2017-04-16
d93a292c2acb,2017-04-17,2017-04-17,2017-04-18
777d4a71f940,2017-04-06,2017-04-12,2017-04-18
983b0095915a,2017-03-18,2017-04-12,2017-04-17
8da2b770d54e,2017-04-15,2017-04-15,2017-04-18
d93bb81039a2,2017-04-08,2017-04-12,2017-04-18
788894ce6144,2017-03-20,2017-04-12,2017-04-18
8599e513143d,2017-04-08,2017-04-12,2017-04-18
5b49f0347767,2017-04-16,2017-04-16,2017-04-18
5cd6479566c0,2017-03-26,2017-04-12,2017-04-18
7433bbfa1867,2017-03-21,2017-04-12,2017-04-18
9c0bb3537bdd,2017-03-29,2017-04-12,2017-04-18
d7c7be18675d,2017-03-19,2017-04-12,2017-04-18
dbf46faa26a0,2017-04-15,2017-04-15,2017-04-18
308197d1dad6,2017-04-04,2017-04-12,2017-04-18
8e8ca8112887,2017-04-02,2017-04-12,2017-04-18
f54db2d1dbca,2017-04-05,2017-04-12,2017-04-18
19158b0ec291,2017-03-31,2017-04-12,2017-04-18
aa4392d4bf6b,2017-04-02,2017-04-12,2017-04-18
65d37109fc58,2017-03-15,2017-04-12,2017-04-14
83d33f40f166,2017-04-10,2017-04-12,2017-04-18
f381f4f4ad23,2017-04-03,2017-04-12,2017-04-18
5915961ce27c,2017-03-15,2017-04-12,2017-04-13
33d7d01000f6,2017-04-06,2017-04-12,2017-04-18
c99decf1345a,2017-03-22,2017-04-12,2017-04-18
0fe687a447f1,2017-04-09,2017-04-12,2017-04-18
f73a65d01f8d,2017-03-15,2017-04-12,2017-04-18
619453c73ab7,2017-04-03,2017-04-12,2017-04-18
bc56bde44f4b,2017-03-24,2017-04-12,2017-04-18
68cedda7c416,2017-04-02,2017-04-12,2017-04-18
e74d862b0de5,2017-03-30,2017-04-12,2017-04-18
7e9b5e59fdbf,2017-03-25,2017-04-12,2017-04-18
1121c73db560,2017-04-12,2017-04-12,2017-04-18
94e763b451a5,2017-04-04,2017-04-12,2017-04-18
83f43ecfa3a2,2017-03-29,2017-04-12,2017-04-18
23a5dd42b699,2017-03-30,2017-04-12,2017-04-18
5135d1800e31,2017-04-06,2017-04-12,2017-04-18
02719a66204c,2017-04-02,2017-04-12,2017-04-18
2e8fb7bc73a2,2017-03-20,2017-04-12,2017-04-18
a1c7ccbe0bb8,2017-04-01,2017-04-12,2017-04-18
4490c532021a,2017-04-07,2017-04-12,2017-04-18
e2c317ed1aa8,2017-03-24,2017-04-12,2017-04-18
07381f3e2fcf,2017-04-08,2017-04-12,2017-04-18
8329ad471b9b,2017-03-23,2017-04-12,2017-04-18
16b549fbfec2,2017-03-21,2017-04-12,2017-04-18
63e6f641d466,2017-04-09,2017-04-12,2017-04-18
c5ed4c19024a,2017-03-26,2017-04-12,2017-04-18
b43d3b1176ba,2017-04-09,2017-04-12,2017-04-18
9b94db6c5664,2017-04-02,2017-04-12,2017-04-18
2601aeb79cb8,2017-03-22,2017-04-12,2017-04-18
bb845557d4d8,2017-03-20,2017-04-12,2017-04-18
191fb9ca16da,2017-03-14,2017-04-12,2017-04-13
9e470a7797c2,2017-04-05,2017-04-12,2017-04-18
0e73569dbb8e,2017-04-03,2017-04-12,2017-04-18
901a87d7dd0a,2017-03-27,2017-04-12,2017-04-18
88ff67bc8560,2017-03-22,2017-04-12,2017-04-18
49c61784b393,2017-03-15,2017-04-12,2017-04-14
7b217a071805,2017-04-18,2017-04-18,2017-04-18
eb315ac55ee8,2017-03-26,2017-04-12,2017-04-18
b61f651e896c,2017-03-26,2017-04-12,2017-04-18
ed228ed56929,2017-04-17,2017-04-17,2017-04-18
de104d8dd15b,2017-04-08,2017-04-12,2017-04-18
ba30c32f9eb5,2017-04-14,2017-04-14,2017-04-18
e349fd7bcbbe,2017-04-06,2017-04-12,2017-04-18
83d67745c1fa,2017-03-27,2017-04-12,2017-04-18
b7d916f86106,2017-04-10,2017-04-12,2017-04-18
83d6cb9db79a,2017-03-31,2017-04-12,2017-04-18
0ba67e301202,2017-03-19,2017-04-12,2017-04-18
bf66a528d4b1,2017-04-18,2017-04-18,2017-04-18
f4d4eedaf9ec,2017-03-17,2017-04-12,2017-04-16
93ad45234ac3,2017-04-05,2017-04-12,2017-04-18
2350b6c6fdf1,2017-03-23,2017-04-12,2017-04-18
2c1c9629fb18,2017-04-06,2017-04-12,2017-04-18
9da8e10034f5,2017-04-07,2017-04-12,2017-04-18
a9913c973e83,2017-04-03,2017-04-12,2017-04-18
cbe2ed3baa8a,2017-03-22,2017-04-12,2017-04-18
c49437d607c2,2017-04-02,2017-04-12,2017-04-18
de48e4eac74c,2017-03-19,2017-04-12,2017-04-18
57eba6ce5826,2017-04-08,2017-04-12,2017-04-18
71e7af57d298,2017-03-31,2017-04-12,2017-04-18
a18999dfd62c,2017-04-13,2017-04-13,2017-04-18
b45f2607bbeb,2017-04-10,2017-04-12,2017-04-18
045ed75c5646,2017-04-05,2017-04-12,2017-04-18
93fafbff52e1,2017-03-18,2017-04-12,2017-04-17
7e1cfd5ce94b,2017-04-12,2017-04-12,2017-04-18
18cb613c1629,2017-03-25,2017-04-12,2017-04-18
a862058a623b,2017-04-18,2017-04-18,2017-04-18
72a1954b1e4d,2017-03-21,2017-04-12,2017-04-18
9436190d1b6e,2017-03-25,2017-04-12,2017-04-18
415ac1df65dc,2017-03-25,2017-04-12,2017-04-18
99c3387db36d,2017-03-14,2017-04-12,2017-04-13
52b5f6539b72,2017-04-12,2017-04-12,2017-04-18
687b820e9553,2017-04-02,2017-04-12,2017-04-18
cef517d58d8f,2017-04-17,2017-04-17,2017-04-18
f049991e274c,2017-03-30,2017-04-12,2017-04-18
809502020e14,2017-03-24,2017-04-12,2017-04-18
35346f44aa3a,2017-03-16,2017-04-12,2017-04-15
3fe2d9d4dba4,2017-03-23,2017-04-12,2017-04-18
2ea021ee3fc6,2017-04-04,2017-04-12,2017-04-18
adf59cd3c5ad,2017-03-19,2017-04-12,2017-04-17
8adf48b93f6d,2017-03-21,2017-04-12,2017-04-18
01e480033175,2017-04-13,2017-04-13,2017-04-18
f420570d086b,2017-03-31,2017-04-12,2017-04-18
306c5c6b33e8,2017-04-12,2017-04-12,2017-04-18
da9b097161bf,2017-04-04,2017-04-12,2017-04-18
9f600ae253c5,2017-04-04,2017-04-12,2017-04-18
3bc517b92cc4,2017-04-11,2017-04-12,2017-04-18
ab2e6feb5579,2017-04-09,2017-04-12,2017-04-18
d14d3aa9397d,2017-03-20,2017-04-12,2017-04-18
a69e092e1b05,2017-03-13,2017-04-12,2017-04-12
8f7fcab6e035,2017-04-07,2017-04-12,2017-04-18
628b03d6e134,2017-04-09,2017-04-12,2017-04-18
974917fb6927,2017-04-16,2017-04-16,2017-04-18
fe3630c3c037,2017-03-26,2017-04-12,2017-04-18
448db9c2a583,2017-03-28,2017-04-12,2017-04-18
d9f147c0d34d,2017-04-02,2017-04-12,2017-04-18
716e88a0f1c1,2017-03-30,2017-04-12,2017-04-18
97afe765c531,2017-03-14,2017-04-12,2017-04-13
5f32bcf6894f,2017-03-30,2017-04-12,2017-04-18
f53306a7957f,2017-03-31,2017-04-12,2017-04-18
a449e8c9058c,2017-04-02,2017-04-12,2017-04-18
5fa62989a86a,2017-04-06,2017-04-12,2017-04-18
98a34f6f91e8,2017-03-20,2017-04-12,2017-04-18
d1ea251a4865,2017-04-05,2017-04-12,2017-04-18
991fce74d6d4,2017-03-16,2017-04-12,2017-04-15
ade9141d0658,2017-03-21,2017-04-12,2017-04-18
fa14fe1f9a59,2017-04-09,2017-04-12,2017-04-18
103761534aa3,2017-04-12,2017-04-12,2017-04-18
017d7b0a5264,2017-03-14,2017-04-12,2017-04-13
15d04adc9212,2017-04-03,2017-04-12,2017-04-18
b66b9a1b1196,2017-04-02,2017-04-12,2017-04-18
6a8db0571bd0,2017-04-05,2017-04-12,2017-04-18
1d95109745e5,2017-03-16,2017-04-12,2017-04-15
1a016ce9fe5c,2017-03-15,2017-04-12,2017-04-14
c68c2d99533e,2017-04-13,2017-04-13,2017-04-18
5ff553ec985f,2017-03-21,2017-04-12,2017-04-18
8362d27ef81d,2017-03-19,2017-04-12,2017-04-18
857ace045e39,2017-03-22,2017-04-12,2017-04-18
779a1f3e5a81,2017-04-01,2017-04-12,2017-04-18
9719bcd87635,2017-04-11,2017-04-12,2017-04-18
5c3a39849af2,2017-04-03,2017-04-12,2017-04-18
769cf7920e3a,2017-03-28,2017-04-12,2017-04-18
291372ce81ce,2017-03-15,2017-04-12,2017-04-13
5dd82bf4610b,2017-03-27,2017-04-12,2017-04-18
323bfe7b51ad,2017-03-25,2017-04-12,2017-04-18
f53e77b798d2,2017-04-05,2017-04-12,2017-04-18
4fc878924d7d,2017-03-26,2017-04-12,2017-04-18
b6ff91d31c1d,2017-04-15,2017-04-15,2017-04-18
7eafea535c79,2017-04-05,2017-04-12,2017-04-18
3f0af95bbfb6,2017-03-22,2017-04-12,2017-04-18
96714222fe81,2017-04-05,2017-04-12,2017-04-18
6ddb116fe4a9,2017-03-31,2017-04-12,2017-04-18
e38f16d01eda,2017-04-12,2017-04-12,2017-04-18
be7441be6095,2017-04-09,2017-04-12,2017-04-18
a74073192fbe,2017-03-15,2017-04-12,2017-04-14
6accd81f484d,2017-03-20,2017-04-12,2017-04-18
0bbd84a4f2a7,2017-04-01,2017-04-12,2017-04-18
a2d560560b8b,2017-03-26,2017-04-12,2017-04-18
1f64e320cb35,2017-04-09,2017-04-12,2017-04-18
a8cc29870d40,2017-04-11,2017-04-12,2017-04-18
42b28bfab832,2017-04-18,2017-04-18,2017-04-18
3a3e4f996177,2017-03-20,2017-04-12,2017-04-18
339842b841dc,2017-03-29,2017-04-12,2017-04-18
2b84f5bcd7f3,2017-03-20,2017-04-12,2017-04-18
00969ded07a6,2017-04-16,2017-04-16,2017-04-18
977a3273fa4b,2017-04-13,2017-04-13,2017-04-18
7bd41e7e6893,2017-04-10,2017-04-12,2017-04-18
33fb984e27e8,2017-04-02,2017-04-12,2017-04-18
757c548d0228,2017-03-24,2017-04-12,2017-04-17
dc979866b6f8,2017-03-22,2017-04-12,2017-04-18
a9158747b97d,2017-04-05,2017-04-12,2017-04-18
d45656f9677b,2017-03-16,2017-04-12,2017-04-15
3b8f01d536c5,2017-03-26,2017-04-12,2017-04-18
2a6cf7d98a9e,2017-03-23,2017-04-12,2017-04-18
ec4bb5cdcff4,2017-04-06,2017-04-12,2017-04-18
9eda56f5e36c,2017-04-09,2017-04-12,2017-04-18
af8075637889,2017-03-26,2017-04-12,2017-04-18
eb0627fb665c,2017-03-16,2017-04-12,2017-04-15
012d014792de,2017-04-12,2017-04-12,2017-04-18
b5a8c51b5f4a,2017-04-11,2017-04-12,2017-04-18
ecd80a0d1bcf,2017-04-14,2017-04-14,2017-04-18
ad8def3659b2,2017-04-02,2017-04-12,2017-04-18
fbdacc7407d5,2017-04-13,2017-04-13,2017-04-18
6d6e61fee8eb,2017-03-27,2017-04-12,2017-04-18
a47549ec04eb,2017-03-22,2017-04-12,2017-04-18
b2fdd0285f18,2017-04-06,2017-04-12,2017-04-18
6f4c8fd48bed,2017-04-10,2017-04-12,2017-04-18
aaab5141a760,2017-04-09,2017-04-12,2017-04-18
9f64690bed28,2017-03-29,2017-04-12,2017-04-17
4da866825a3c,2017-04-05,2017-04-12,2017-04-18
c39dcf164745,2017-04-06,2017-04-12,2017-04-18
44ed07220c5d,2017-03-24,2017-04-12,2017-04-18
29438c770eb1,2017-04-15,2017-04-15,2017-04-18
28e9567a897d,2017-04-10,2017-04-12,2017-04-18
43435b2ba5e4,2017-04-06,2017-04-12,2017-04-18
96ccd63769c5,2017-03-31,2017-04-12,2017-04-18
6e8b01dac177,2017-04-02,2017-04-12,2017-04-18
5df5a2dfdc63,2017-03-17,2017-04-12,2017-04-16
02fa76511c7a,2017-03-28,2017-04-12,2017-04-18
b4b7753d534f,2017-03-23,2017-04-12,2017-04-18
5893bce369dd,2017-03-26,2017-04-12,2017-04-18
9de0f4d28459,2017-04-07,2017-04-12,2017-04-18
344d1e60767a,2017-04-07,2017-04-12,2017-04-18
65899e0f2189,2017-03-17,2017-04-12,2017-04-15
ec96d26275a2,2017-03-30,2017-04-12,2017-04-18
8d9b904788c1,2017-04-18,2017-04-18,2017-04-18
631f381c5fda,2017-03-21,2017-04-12,2017-04-18
acf896d2c9fe,2017-03-29,2017-04-12,2017-04-18
bf03829a787d,2017-03-15,2017-04-12,2017-04-13
71e33791b719,2017-03-29,2017-04-12,2017-04-18
77b0d53b96b9,2017-03-14,2017-04-12,2017-04-13
88aca0262551,2017-04-18,2017-04-18,2017-04-18
02c7933e9aad,2017-03-29,2017-04-12,2017-04-18
0d634c3ab10c,2017-04-05,2017-04-12,2017-04-18
fd164bb9adf3,2017-03-20,2017-04-12,2017-04-18
90090266771a,2017-04-05,2017-04-12,2017-04-18
b6374642d47b,2017-04-06,2017-04-12,2017-04-18
028beb870664,2017-04-17,2017-04-17,2017-04-18
0f866f8b1436,2017-04-12,2017-04-12,2017-04-18
5aa1f3ad1c3b,2017-04-04,2017-04-12,2017-04-18
184d03aa3743,2017-04-06,2017-04-12,2017-04-18
d57b5d06f590,2017-03-14,2017-04-12,2017-04-13
89b6e7e191e9,2017-04-10,2017-04-12,2017-04-18
e5dff79cff34,2017-03-28,2017-04-12,2017-04-18
c8a911f603d7,2017-04-08,2017-04-12,2017-04-18
dc430a8de641,2017-04-08,2017-04-12,2017-04-18
c5eaaa737ef5,2017-03-22,2017-04-12,2017-04-18
44f3e621d889,2017-04-16,2017-04-16,2017-04-18
6078f2761d7a,2017-04-07,2017-04-12,2017-04-18
97bb1759c613,2017-03-20,2017-04-12,2017-04-18
6fa123d6a1f4,2017-03-27,2017-04-12,2017-04-18
766e05181c85,2017-04-07,2017-04-12,2017-04-18
4b2a3ca0f9fb,2017-04-10,2017-04-12,2017-04-18
61484294353a,2017-04-09,2017-04-12,2017-04-18
11f3f45ce6f5,2017-04-07,2017-04-12,2017-04-18
0495f1a8b508,2017-04-03,2017-04-12,2017-04-18
f7f44458ab88,2017-03-16,2017-04-12,2017-04-14
6a8b499f6816,2017-04-11,2017-04-12,2017-04-18
a1560d0b6d82,2017-04-12,2017-04-12,2017-04-14
73a78c9d8f9f,2017-04-11,2017-04-12,2017-04-18
3b098f8c65bf,2017-03-31,2017-04-12,2017-04-18
f3b45b91a001,2017-03-22,2017-04-12,2017-04-18
91fa719e699f,2017-03-30,2017-04-12,2017-04-18
3ff94deb67b0,2017-03-19,2017-04-12,2017-04-18
eebb9844f640,2017-03-31,2017-04-12,2017-04-18
25885f564ee0,2017-03-21,2017-04-12,2017-04-18
ad79f7514a45,2017-04-09,2017-04-12,2017-04-18
e2913c899676,2017-04-15,2017-04-15,2017-04-18
754a07a363f9,2017-04-05,2017-04-12,2017-04-18
d9ecd8550502,2017-04-03,2017-04-12,2017-04-18
93ff2184fec3,2017-03-19,2017-04-12,2017-04-18
5f99ff42938f,2017-03-25,2017-04-12,2017-04-18
a75d2cef550b,2017-04-08,2017-04-12,2017-04-18
a750cd8bc08b,2017-03-23,2017-04-12,2017-04-18
18c743c4794c,2017-04-13,2017-04-13,2017-04-18
1c0e36e4970d,2017-04-14,2017-04-14,2017-04-18
7ab71221e296,2017-04-03,2017-04-12,2017-04-18
220ee5a2a1ed,2017-04-11,2017-04-12,2017-04-18
da79c3929ff6,2017-03-14,2017-04-12,2017-04-13
15c07c285387,2017-03-19,2017-04-12,2017-04-18
d6ed13012c20,2017-04-11,2017-04-12,2017-04-18
e333a51a56be,2017-03-17,2017-04-12,2017-04-16
f36686b5e953,2017-04-01,2017-04-12,2017-04-18
830749fde9bc,2017-04-03,2017-04-12,2017-04-18
70674ac5ccce,2017-03-22,2017-04-12,2017-04-18
83dff20bf84a,2017-03-14,2017-04-12,2017-04-12
e66429164b2d,2017-03-15,2017-04-12,2017-04-14
d9f07902e7e0,2017-03-25,2017-04-12,2017-04-18
78070cb23e9a,2017-03-20,2017-04-12,2017-04-18
4d2372761b3c,2017-04-18,2017-04-18,2017-04-18
e5a37c052fdf,2017-04-06,2017-04-12,2017-04-18
e39ec0408fd7,2017-03-16,2017-04-12,2017-04-15
aef9548d61c7,2017-03-23,2017-04-12,2017-04-18
3f69b000f13f,2017-04-11,2017-04-12,2017-04-13
58271257c0d2,2017-04-13,2017-04-13,2017-04-18
d5c38381655b,2017-03-20,2017-04-12,2017-04-18
a83581d8ceec,2017-04-07,2017-04-12,2017-04-18
5e1166bd3cd2,2017-03-27,2017-04-12,2017-04-18
5dc4fed919f3,2017-03-22,2017-04-12,2017-04-18
237c9df6ec6a,2017-03-27,2017-04-12,2017-04-18
fb497a413bb4,2017-04-04,2017-04-12,2017-04-18
9104fcab09ac,2017-03-15,2017-04-12,2017-04-14
d5452203d578,2017-03-21,2017-04-12,2017-04-18
b5af3bcf825c,2017-03-16,2017-04-12,2017-04-15
62a82e041302,2017-03-30,2017-04-12,2017-04-18
6bd7ea0a3fe3,2017-04-10,2017-04-12,2017-04-18
7d5d13e9b465,2017-03-22,2017-04-12,2017-04-18
d23972655e7f,2017-04-03,2017-04-12,2017-04-18
2bd0f38e5a3e,2017-03-30,2017-04-12,2017-04-18
5fabaaf1ebc4,2017-03-31,2017-04-12,2017-04-18
ac953e7bd10d,2017-03-24,2017-04-12,2017-04-18
ae77a785ab16,2017-03-26,2017-04-12,2017-04-18
f9cdf345f862,2017-03-29,2017-04-12,2017-04-18
89e89689bf32,2017-04-12,2017-04-12,2017-04-18
2a3096367ef7,2017-04-15,2017-04-15,2017-04-18
b8cf7b0759cd,2017-03-27,2017-04-12,2017-04-18
bd2b4df37e8f,2017-03-23,2017-04-12,2017-04-18
37c56cec436f,2017-04-02,2017-04-12,2017-04-18
95aefdb18b8a,2017-04-10,2017-04-12,2017-04-18
251e4d33da51,2017-03-27,2017-04-12,2017-04-18
a94bf92e998f,2017-03-29,2017-04-12,2017-04-18
c4e6a6e6f754,2017-03-27,2017-04-12,2017-04-18
01c49ac33a86,2017-04-09,2017-04-12,2017-04-18
6089790bd6f6,2017-03-20,2017-04-12,2017-04-18
ef367b43635d,2017-03-13,2017-04-12,2017-04-12
b4f7ae1b0c7a,2017-04-17,2017-04-17,2017-04-18
6909bc066dbd,2017-04-01,2017-04-12,2017-04-18
2bb8ae872e51,2017-04-09,2017-04-12,2017-04-18
070ff2c281d8,2017-03-31,2017-04-12,2017-04-18
fe62fd0981d0,2017-04-05,2017-04-12,2017-04-18
93348d8d7430,2017-04-06,2017-04-12,2017-04-18
8eea3c98b327,2017-03-19,2017-04-12,2017-04-18
5ea7a890b309,2017-04-12,2017-04-12,2017-04-18
6fde28471af6,2017-03-25,2017-04-12,2017-04-18
177a1ade5be3,2017-03-28,2017-04-12,2017-04-18
f809f19346df,2017-04-14,2017-04-14,2017-04-18
51a297fc9891,2017-04-14,2017-04-14,2017-04-18
dec503b3af67,2017-03-21,2017-04-12,2017-04-18
b1eab829f8ca,2017-04-11,2017-04-12,2017-04-18
2e555a0a95e6,2017-04-16,2017-04-16,2017-04-18
abd2dae0ee03,2017-04-07,2017-04-12,2017-04-18
26aba703cbb6,2017-04-09,2017-04-12,2017-04-18
7ddcfd1b0afe,2017-03-22,2017-04-12,2017-04-18
4a90e3431ecc,2017-03-31,2017-04-12,2017-04-18
eee2b9d6d552,2017-03-19,2017-04-12,2017-04-18
84af7dbfcf78,2017-04-01,2017-04-12,2017-04-18
8f58bff76952,2017-03-29,2017-04-12,2017-04-18
e40324cb7d61,2017-04-15,2017-04-15,2017-04-18
7a78c2cbf877,2017-04-07,2017-04-12,2017-04-18
29f52887d2b6,2017-03-14,2017-04-12,2017-04-12
3f70cd3dc2f5,2017-04-17,2017-04-17,2017-04-18
62f625f7bd69,2017-03-13,2017-04-12,2017-04-12
2ddba261ce41,2017-04-13,2017-04-13,2017-04-18
acdfe69465f2,2017-03-17,2017-04-12,2017-04-16
2149faeccb7f,2017-03-22,2017-04-12,2017-04-18
a842f9d49aaa,2017-03-17,2017-04-12,2017-04-16
ba073782ed56,2017-03-25,2017-04-12,2017-04-18
bd29f3b529ab,2017-03-18,2017-04-12,2017-04-16
eb66b1231d2a,2017-04-03,2017-04-12,2017-04-18
49ca53270690,2017-04-10,2017-04-12,2017-04-18
ea60ea7d5974,2017-03-28,2017-04-12,2017-04-18
a3743d19bcd1,2017-03-15,2017-04-12,2017-04-14
5148df08b561,2017-03-29,2017-04-12,2017-04-18
e56c7ae68944,2017-04-02,2017-04-12,2017-04-18
f4490b6cd3f0,2017-03-29,2017-04-12,2017-04-18
9f0d0b7f8cac,2017-03-21,2017-04-12,2017-04-18
d5fdb27418fe,2017-03-13,2017-04-12,2017-04-12
8fa80f053fb7,2017-04-04,2017-04-12,2017-04-18
03be9e167d93,2017-04-01,2017-04-12,2017-04-18
ced7335a4add,2017-03-21,2017-04-12,2017-04-18
129d6ca4db3c,2017-04-17,2017-04-17,2017-04-18
bac59f33f28a,2017-03-20,2017-04-12,2017-04-18
936e75800dcf,2017-04-05,2017-04-12,2017-04-18
fe084f971c82,2017-03-20,2017-04-12,2017-04-18
23cff80ed9e0,2017-03-21,2017-04-12,2017-04-18
035fed3aa16f,2017-04-15,2017-04-15,2017-04-18
83ba8ff09bcc,2017-03-31,2017-04-12,2017-04-18
660c9bff025e,2017-04-05,2017-04-12,2017-04-18
476321b55211,2017-03-13,2017-04-12,2017-04-12
4caa4eef1b56,2017-04-17,2017-04-17,2017-04-18
b68a8adae3ff,2017-04-03,2017-04-12,2017-04-18
6a45c152c7c9,2017-04-18,2017-04-18,2017-04-18
ca117e534d5e,2017-04-10,2017-04-12,2017-04-18
b76be303422c,2017-03-25,2017-04-12,2017-04-18
7f7b52273fb9,2017-04-14,2017-04-14,2017-04-18
6b39ffd5a2d5,2017-03-25,2017-04-12,2017-04-18
6dbd3da0e6bd,2017-03-19,2017-04-12,2017-04-18
ba8aabbd2454,2017-03-22,2017-04-12,2017-04-18
9d6f980cf697,2017-04-05,2017-04-12,2017-04-18
57b4c5f199ab,2017-04-14,2017-04-14,2017-04-18
ad3c5e25b584,2017-04-01,2017-04-12,2017-04-18
2f38116c15c9,2017-03-28,2017-04-12,2017-04-18
559a9dcbd0d9,2017-04-07,2017-04-12,2017-04-18
e00909dd4307,2017-03-29,2017-04-12,2017-04-18
f1dd624434cc,2017-04-15,2017-04-15,2017-04-18
225c905ab52a,2017-03-21,2017-04-12,2017-04-18
67bfd3aed2cd,2017-04-02,2017-04-12,2017-04-18
77caaea41332,2017-04-06,2017-04-12,2017-04-18
ff7b8b009331,2017-04-17,2017-04-17,2017-04-18
c2e9d65ed9a2,2017-04-09,2017-04-12,2017-04-18
a3965cbb0328,2017-04-17,2017-04-17,2017-04-18
f86761bf9c4d,2017-04-12,2017-04-12,2017-04-18
d9c28dbf30ab,2017-03-23,2017-04-12,2017-04-18
c51e996e8aee,2017-03-19,2017-04-12,2017-04-18
35debc8a6170,2017-04-08,2017-04-12,2017-04-18
00da95f84cde,2017-03-15,2017-04-12,2017-04-13
b09be60066ec,2017-04-12,2017-04-12,2017-04-18
3a5f6563ce55,2017-04-09,2017-04-12,2017-04-18
bfb747e1a756,2017-04-17,2017-04-17,2017-04-18
f8cbd3cf548d,2017-03-30,2017-04-12,2017-04-18
60b53460e6ba,2017-04-04,2017-04-12,2017-04-18
f963c5a15ff1,2017-03-14,2017-04-12,2017-04-13
7ea3315ab152,2017-03-30,2017-04-12,2017-04-18
0cbec9c86a09,2017-04-06,2017-04-12,2017-04-18
133a770a1d0c,2017-03-31,2017-04-12,2017-04-18
790cba1e6d90,2017-03-18,2017-04-12,2017-04-16
ae913e2232f1,2017-04-08,2017-04-12,2017-04-18
1bd7cdfee1ad,2017-04-02,2017-04-12,2017-04-18
43c8ffa0526a,2017-04-14,2017-04-14,2017-04-18
f2a2f4b8041d,2017-04-03,2017-04-12,2017-04-18
c0d9516f78b1,2017-04-15,2017-04-15,2017-04-18
9a9d84f22592,2017-03-18,2017-04-12,2017-04-17
8cf8d8cf7d9b,2017-04-03,2017-04-12,2017-04-18
2ff021d0ebed,2017-03-30,2017-04-12,2017-04-18
1bde89ff1db0,2017-04-13,2017-04-13,2017-04-18
55625520e72c,2017-04-01,2017-04-12,2017-04-18
c22036df8f65,2017-03-29,2017-04-12,2017-04-18
c221ed9b3d1c,2017-04-12,2017-04-12,2017-04-18
dde915a9242d,2017-04-12,2017-04-12,2017-04-18
bea02c1fb7b1,2017-03-15,2017-04-12,2017-04-14
e6db6dbdcad0,2017-04-02,2017-04-12,2017-04-18
19b7d388a65c,2017-04-05,2017-04-12,2017-04-18
7b7d1b5875c3,2017-04-16,2017-04-16,2017-04-18
a1d062591b52,2017-03-17,2017-04-12,2017-04-16
74da1fea484d,2017-04-16,2017-04-16,2017-04-18
61d69d14fd32,2017-04-08,2017-04-12,2017-04-18
7365f4a7434d,2017-03-22,2017-04-12,2017-04-18
c2c2ee2676e5,2017-04-02,2017-04-12,2017-04-18
fd57a5869953,2017-04-13,2017-04-13,2017-04-18
4f67fa0cce4b,2017-04-03,2017-04-12,2017-04-18
daf9f218e443,2017-04-17,2017-04-17,2017-04-18
824c4a94c1f7,2017-03-26,2017-04-12,2017-04-18
fe9d4436d869,2017-03-19,2017-04-12,2017-04-18
2db911265f86,2017-03-31,2017-04-12,2017-04-18
4cf5a03fbb25,2017-03-17,2017-04-12,2017-04-15
61b96a361cf0,2017-04-06,2017-04-12,2017-04-18
4766d5227583,2017-04-17,2017-04-17,2017-04-18
dda63a08cec8,2017-04-11,2017-04-12,2017-04-18
feffb9b4362d,2017-04-04,2017-04-12,2017-04-18
9598586edd9e,2017-03-29,2017-04-12,2017-04-18
75d69f6c4842,2017-04-11,2017-04-12,2017-04-18
479db40f9ca1,2017-03-28,2017-04-12,2017-04-18
1cb8eb28862f,2017-04-10,2017-04-12,2017-04-18
74b2acfb7022,2017-03-31,2017-04-12,2017-04-18
ae5693581ba6,2017-04-05,2017-04-12,2017-04-18
76d37efdab0d,2017-04-17,2017-04-17,2017-04-18
7efe067531a0,2017-04-08,2017-04-12,2017-04-18
c3d7eddd4ed8,2017-03-30,2017-04-12,2017-04-18
b96783608647,2017-03-28,2017-04-12,2017-04-18
efb4c2667974,2017-03-22,2017-04-12,2017-04-18
142a69e64804,2017-04-04,2017-04-12,2017-04-18
6d00b9c186d0,2017-04-09,2017-04-12,2017-04-18
84778732ed3d,2017-03-28,2017-04-12,2017-04-18
e371cf7c9a61,2017-03-24,2017-04-12,2017-04-18
3c9e1063c56d,2017-04-17,2017-04-17,2017-04-18
d8f26d81bc7a,2017-03-15,2017-04-12,2017-04-13
4288d5b53507,2017-03-28,2017-04-12,2017-04-18
0a7d6aa9cc79,2017-03-20,2017-04-12,2017-04-18
fe0143859852,2017-03-30,2017-04-12,2017-04-17
c98f94a71c72,2017-03-20,2017-04-12,2017-04-18
af0650dbc1d8,2017-03-17,2017-04-12,2017-04-15
8a62fc8051af,2017-03-16,2017-04-12,2017-04-15
3b9494e35ad3,2017-04-06,2017-04-12,2017-04-18
6bca1b562232,2017-03-26,2017-04-12,2017-04-18
573efe83b719,2017-03-20,2017-04-12,2017-04-18
f48f3443c37a,2017-04-07,2017-04-12,2017-04-18
0717f1ab92b9,2017-04-02,2017-04-12,2017-04-18
4bd2fa96fe40,2017-03-20,2017-04-12,2017-04-18
2167b3dcb01a,2017-04-10,2017-04-12,2017-04-18
3c5451139c88,2017-04-07,2017-04-12,2017-04-18
cd2b61112380,2017-04-16,2017-04-16,2017-04-18
0215ef613d55,2017-03-20,2017-04-12,2017-04-18
3b11978c3f46,2017-04-13,2017-04-13,2017-04-18
a865cc621fd6,2017-03-26,2017-04-12,2017-04-18
1718884d1586,2017-04-07,2017-04-12,2017-04-18
a4b225e23cd8,2017-04-06,2017-04-12,2017-04-18
38e7b147f93b,2017-04-02,2017-04-12,2017-04-18
c2d361fd9592,2017-04-16,2017-04-16,2017-04-18
fe3ff1dae8d3,2017-04-12,2017-04-12,2017-04-18
a87ceb567b3c,2017-04-06,2017-04-12,2017-04-18
61b691848e9b,2017-03-27,2017-04-12,2017-04-18
bd33264c2da9,2017-03-16,2017-04-12,2017-04-15
cd6c44f478b5,2017-03-29,2017-04-12,2017-04-18
e7ae82fb500c,2017-03-30,2017-04-12,2017-04-14
a36dc5cebed1,2017-04-12,2017-04-12,2017-04-18
96bde80b7719,2017-04-03,2017-04-12,2017-04-18
87cae47ffe86,2017-04-11,2017-04-12,2017-04-18
3598f3c93d3f,2017-04-02,2017-04-12,2017-04-18
98ce1a37e68c,2017-03-29,2017-04-12,2017-04-18
cb1f83ac776d,2017-03-17,2017-04-12,2017-04-16
f471dd67b109,2017-03-31,2017-04-12,2017-04-18
5079023b3b82,2017-04-06,2017-04-12,2017-04-18
cbab4bb85db9,2017-04-16,2017-04-16,2017-04-18
7365a58bec52,2017-03-17,2017-04-12,2017-04-15
3b919ffa7a1d,2017-03-15,2017-04-12,2017-04-14
e22301f16ef7,2017-04-07,2017-04-12,2017-04-18
b65ddc13c4b4,2017-03-22,2017-04-12,2017-04-18
08046c0ad194,2017-04-10,2017-04-12,2017-04-18
edf3369e8312,2017-04-12,2017-04-12,2017-04-14
e42f854e5edc,2017-03-25,2017-04-12,2017-04-18
a6e00c1946d0,2017-04-10,2017-04-12,2017-04-18
bfd37974e97c,2017-03-27,2017-04-12,2017-04-18
17c15baa92c9,2017-04-10,2017-04-12,2017-04-18
2923ac1f8183,2017-03-25,2017-04-12,2017-04-18
380d84dbaaa3,2017-03-14,2017-04-12,2017-04-13
bf72a1f2603e,2017-04-05,2017-04-12,2017-04-18
29f5b650c48a,2017-04-17,2017-04-17,2017-04-18
58b4cc94ffb2,2017-03-28,2017-04-12,2017-04-18
03d5d7fba5a9,2017-03-17,2017-04-12,2017-04-16
e788b6059341,2017-03-18,2017-04-12,2017-04-17
213b2c81c4d6,2017-04-14,2017-04-14,2017-04-18
edafd507a4aa,2017-03-29,2017-04-12,2017-04-18
06268eab67f7,2017-04-08,2017-04-12,2017-04-18
dcf1375e4135,2017-03-30,2017-04-12,2017-04-18
9b62b43658ae,2017-04-11,2017-04-12,2017-04-18
6c1444debda0,2017-04-07,2017-04-12,2017-04-18
906ea78cdc67,2017-03-16,2017-04-12,2017-04-15
66a4b86c4396,2017-03-29,2017-04-12,2017-04-18
9b3ba6b6e157,2017-04-04,2017-04-12,2017-04-18
e096e99b22e3,2017-04-05,2017-04-12,2017-04-18
c254d156dc91,2017-03-30,2017-04-12,2017-04-18
c904e3ef4748,2017-04-04,2017-04-12,2017-04-18
748faf5b5e94,2017-04-05,2017-04-12,2017-04-18
2c5195660dbb,2017-04-17,2017-04-17,2017-04-18
fc702fa3c7f3,2017-04-05,2017-04-12,2017-04-18
07592aa8b6f7,2017-04-16,2017-04-16,2017-04-18
e4f216067842,2017-04-14,2017-04-14,2017-04-17
96ecd27ca33f,2017-04-02,2017-04-12,2017-04-18
d083d641c279,2017-03-14,2017-04-12,2017-04-13
e2a5c94c50a3,2017-03-28,2017-04-12,2017-04-18
b8c8e14f842a,2017-03-15,2017-04-12,2017-04-14
5c07e3dcc7fe,2017-03-30,2017-04-12,2017-04-18
05b32df12a23,2017-04-08,2017-04-12,2017-04-18
cc3867aca053,2017-04-16,2017-04-16,2017-04-18
cd46dd68835b,2017-04-18,2017-04-18,2017-04-18
eac1377a7e2a,2017-03-20,2017-04-12,2017-04-18
1f0d37f99737,2017-04-12,2017-04-12,2017-04-18
3ce96d890558,2017-03-25,2017-04-12,2017-04-18
cf8c023269ee,2017-04-05,2017-04-12,2017-04-18
70a7c5ad6bf9,2017-04-05,2017-04-12,2017-04-18
739c76f8a282,2017-04-10,2017-04-12,2017-04-18
5da47600b2ef,2017-03-14,2017-04-12,2017-04-12
5ef0efcde333,2017-04-10,2017-04-12,2017-04-18
53aa6a3989a4,2017-04-07,2017-04-12,2017-04-18
9df0cd6c6398,2017-04-11,2017-04-12,2017-04-18
5ee1cf34f0b2,2017-04-16,2017-04-16,2017-04-18
c7c29fabd018,2017-04-10,2017-04-12,2017-04-18
f57110780b4b,2017-03-17,2017-04-12,2017-04-16
782a9fd49337,2017-04-01,2017-04-12,2017-04-18
c056703127ee,2017-03-17,2017-04-12,2017-04-16
87d399949c52,2017-04-01,2017-04-12,2017-04-18
39b4b78e9a1f,2017-03-29,2017-04-12,2017-04-18
8b05753b6337,2017-04-13,2017-04-13,2017-04-18
5099892f15d6,2017-03-31,2017-04-12,2017-04-18
08d2f33b8aa0,2017-03-15,2017-04-12,2017-04-14
a30300cc4682,2017-04-14,2017-04-14,2017-04-18
4e9694901158,2017-03-14,2017-04-12,2017-04-12
f9e3980f0489,2017-03-30,2017-04-12,2017-04-18
66aaa2dc738a,2017-04-18,2017-04-18,2017-04-18
976c8ffde96e,2017-03-23,2017-04-12,2017-04-18
9a3610a82675,2017-04-16,2017-04-16,2017-04-18
2c84aa61da90,2017-04-05,2017-04-12,2017-04-18
4ec3ffcfa80e,2017-03-22,2017-04-12,2017-04-18
e5ed8ab01477,2017-03-22,2017-04-12,2017-04-14
d3e999652472,2017-03-21,2017-04-12,2017-04-18
a957af6d171e,2017-03-31,2017-04-12,2017-04-18
bdee06024300,2017-03-28,2017-04-12,2017-04-18
4d42edfd8b1a,2017-03-14,2017-04-12,2017-04-13
71ef765c722d,2017-04-10,2017-04-12,2017-04-18
6c71f92c8a8e,2017-03-16,2017-04-12,2017-04-15
537d016d94bc,2017-04-07,2017-04-12,2017-04-18
e28f6f1812f7,2017-03-25,2017-04-12,2017-04-18
813165d1fa88,2017-03-17,2017-04-12,2017-04-16
7d74d9761025,2017-04-08,2017-04-12,2017-04-18
5420b88f152c,2017-04-01,2017-04-12,2017-04-18
4554af55ba8f,2017-03-25,2017-04-12,2017-04-18
0dfa1ad59332,2017-03-16,2017-04-12,2017-04-15
53957cb77f9c,2017-04-08,2017-04-12,2017-04-14
a00368e85a5c,2017-04-02,2017-04-12,2017-04-18
71db9ceb47fe,2017-03-15,2017-04-12,2017-04-14
534ff8c79e8d,2017-04-05,2017-04-12,2017-04-18
64b9621855fa,2017-03-26,2017-04-12,2017-04-18
731b7fdd9ea0,2017-03-24,2017-04-12,2017-04-18
4e8823a2c022,2017-04-01,2017-04-12,2017-04-18
096f8266e001,2017-03-31,2017-04-12,2017-04-18
c4bbc71f69f6,2017-03-31,2017-04-12,2017-04-18
6655d35b3750,2017-04-17,2017-04-17,2017-04-18
1263c68cb4cd,2017-03-24,2017-04-12,2017-04-18
d4b3f11bb957,2017-04-02,2017-04-12,2017-04-18
f52d2d320cd7,2017-04-18,2017-04-18,2017-04-18
9e4b1fc24cfa,2017-04-03,2017-04-12,2017-04-18
9c542239b250,2017-04-09,2017-04-12,2017-04-18
352a81fadc17,2017-04-07,2017-04-12,2017-04-18
501f0464f5d4,2017-03-20,2017-04-12,2017-04-18
da4ccaa0fd40,2017-04-13,2017-04-13,2017-04-18
cd5e2295ca0a,2017-03-31,2017-04-12,2017-04-18
6b2e715d28bd,2017-04-04,2017-04-12,2017-04-18
988d49143629,2017-04-05,2017-04-12,2017-04-18
302319feb2f2,2017-03-25,2017-04-12,2017-04-18
6c81e27adde5,2017-04-08,2017-04-12,2017-04-18
73fd4a2b088f,2017-04-03,2017-04-12,2017-04-18
fce5bfd14c0a,2017-04-03,2017-04-12,2017-04-18
3709906866f1,2017-03-29,2017-04-12,2017-04-18
bb07f48de0bf,2017-04-04,2017-04-12,2017-04-18
a30e32816150,2017-03-21,2017-04-12,2017-04-12
19d4e975f1e7,2017-03-25,2017-04-12,2017-04-18
e29b729d2b68,2017-03-25,2017-04-12,2017-04-18
f30e6ca6ced5,2017-04-07,2017-04-12,2017-04-18
38f580147525,2017-03-18,2017-04-12,2017-04-17
1545c3c0e06b,2017-04-15,2017-04-15,2017-04-18
b45ccbd4f22c,2017-04-16,2017-04-16,2017-04-18
aa459d1becab,2017-03-20,2017-04-12,2017-04-18
c3ba17d0562b,2017-04-10,2017-04-12,2017-04-18
d6c4805ae6f3,2017-04-11,2017-04-12,2017-04-18
22c9af203916,2017-03-29,2017-04-12,2017-04-18
c46051643fc9,2017-04-04,2017-04-12,2017-04-18
bc8d56dbba32,2017-03-19,2017-04-12,2017-04-17
c856bec496c4,2017-03-28,2017-04-12,2017-04-18
5f2d4d1125dd,2017-04-11,2017-04-12,2017-04-18
7d9a1fa7a935,2017-03-28,2017-04-12,2017-04-18
d3fc332d0849,2017-04-09,2017-04-12,2017-04-18
58977859ee62,2017-04-12,2017-04-12,2017-04-18
b441c75c8a00,2017-04-10,2017-04-12,2017-04-18
8b86132a445e,2017-03-15,2017-04-12,2017-04-14
12dda023ae95,2017-03-16,2017-04-12,2017-04-15
77fbdb940dfb,2017-03-22,2017-04-12,2017-04-18
abbcb5090da2,2017-04-03,2017-04-12,2017-04-18
cd69ef3b2577,2017-04-07,2017-04-12,2017-04-18
448b0c08cd89,2017-03-16,2017-04-12,2017-04-15
bfe09a507a7a,2017-04-18,2017-04-18,2017-04-18
41ef42367961,2017-03-30,2017-04-12,2017-04-18
3d77852c97a6,2017-03-20,2017-04-12,2017-04-18
88c72584792d,2017-03-15,2017-04-12,2017-04-14
58798ce92313,2017-03-18,2017-04-12,2017-04-16
efe7cda2547a,2017-04-04,2017-04-12,2017-04-18
f8424df10e42,2017-03-26,2017-04-12,2017-04-18
1a5a58c105c0,2017-04-06,2017-04-12,2017-04-18
9864718a3386,2017-04-07,2017-04-12,2017-04-18
8cba7315b455,2017-04-17,2017-04-17,2017-04-18
254ff2710f41,2017-04-13,2017-04-13,2017-04-18
10027beb9ef4,2017-04-06,2017-04-12,2017-04-18
90a7cac02f4d,2017-04-09,2017-04-12,2017-04-18
4f8e7c618f7d,2017-03-13,2017-04-12,2017-04-12
d920a4c0e79e,2017-04-02,2017-04-12,2017-04-18
ff51e3b28151,2017-04-03,2017-04-12,2017-04-18
51a24da5162a,2017-03-15,2017-04-12,2017-04-13
d95826d16374,2017-03-19,2017-04-12,2017-04-17
699f70c5e590,2017-04-07,2017-04-12,2017-04-18
cd90c035ae0b,2017-04-04,2017-04-12,2017-04-18
7f6d6eb64dfd,2017-04-15,2017-04-15,2017-04-18
e0f057fa728a,2017-03-13,2017-04-12,2017-04-12
5ca84e3369d5,2017-04-11,2017-04-12,2017-04-18
ce0cc386cd49,2017-03-21,2017-04-12,2017-04-18
93976de8af02,2017-04-04,2017-04-12,2017-04-18
498e00585d37,2017-04-01,2017-04-12,2017-04-18
aadff8334568,2017-04-15,2017-04-15,2017-04-18
87467f6f3c66,2017-04-05,2017-04-12,2017-04-18
bcbc005159d8,2017-03-31,2017-04-12,2017-04-18
ccb4b0a4d19c,2017-03-23,2017-04-12,2017-04-18
9faf64ddab29,2017-03-17,2017-04-12,2017-04-16
32c9e65533cc,2017-04-12,2017-04-12,2017-04-18
40e47aaa9ece,2017-04-02,2017-04-12,2017-04-18
44de0ac5e6f7,2017-04-07,2017-04-12,2017-04-18
0a472b770eb2,2017-03-17,2017-04-12,2017-04-16
dbeea6794889,2017-03-14,2017-04-12,2017-04-12
3bf909b47819,2017-03-21,2017-04-12,2017-04-18
d88821e9959f,2017-03-16,2017-04-12,2017-04-14
487d1869d520,2017-04-10,2017-04-12,2017-04-18
c1f369e64de8,2017-04-01,2017-04-12,2017-04-18
9b622a7b80a5,2017-04-05,2017-04-12,2017-04-18
4c277289368e,2017-03-13,2017-04-12,2017-04-12
ca02b3686adf,2017-04-06,2017-04-12,2017-04-18
b194d5e13c03,2017-04-18,2017-04-18,2017-04-18
8876b2e8fb4e,2017-04-12,2017-04-12,2017-04-18
22f3145b09d9,2017-04-11,2017-04-12,2017-04-18
cc67997dcc46,2017-04-05,2017-04-12,2017-04-18
c788fb92378c,2017-04-11,2017-04-12,2017-04-18
ee173f122590,2017-04-17,2017-04-17,2017-04-18
348211ed85d2,2017-04-01,2017-04-12,2017-04-18
970ab027d391,2017-04-12,2017-04-12,2017-04-18
6e1edb7aaaf6,2017-03-19,2017-04-12,2017-04-18
f411754a6cf6,2017-03-21,2017-04-12,2017-04-18
9f5d298e9cb1,2017-03-18,2017-04-12,2017-04-16
eb291c172082,2017-03-20,2017-04-12,2017-04-16
5cc4188ad01e,2017-03-19,2017-04-12,2017-04-18
c27b1bd9631b,2017-03-19,2017-04-12,2017-04-17
125d47aba94a,2017-03-24,2017-04-12,2017-04-18
efc29dc7cd3c,2017-03-24,2017-04-12,2017-04-18
7963b30cb8da,2017-04-04,2017-04-12,2017-04-18
dc14514e97cb,2017-04-07,2017-04-12,2017-04-18
df076508eb0b,2017-03-26,2017-04-12,2017-04-18
6d8e39b86f29,2017-03-27,2017-04-12,2017-04-18
b8b3f5f6c34a,2017-03-28,2017-04-12,2017-04-18
5bf99b291d55,2017-04-02,2017-04-12,2017-04-18
f2845d5caced,2017-04-13,2017-04-13,2017-04-18
cf11b60181d1,2017-04-09,2017-04-12,2017-04-17
304309a9e341,2017-04-02,2017-04-12,2017-04-18
4fa4bbafa25a,2017-04-10,2017-04-12,2017-04-18
8b4057bea8fa,2017-04-18,2017-04-18,2017-04-18
28aadd237d9b,2017-04-07,2017-04-12,2017-04-18
bd4e0aecd6ec,2017-04-08,2017-04-12,2017-04-18
12907a162f73,2017-04-12,2017-04-12,2017-04-18
bba82470eea0,2017-04-18,2017-04-18,2017-04-18
3b295b815545,2017-04-03,2017-04-12,2017-04-17
d1549cdf2d64,2017-03-23,2017-04-12,2017-04-18
8ba19a3ea26c,2017-03-23,2017-04-12,2017-04-18
e76d70df3271,2017-03-20,2017-04-12,2017-04-18
729cad49bcf5,2017-03-17,2017-04-12,2017-04-16
b27ac4d64cda,2017-04-12,2017-04-12,2017-04-18
1fb5bf81c3b5,2017-04-17,2017-04-17,2017-04-18
5329781feafc,2017-03-31,2017-04-12,2017-04-18
e8b70e48364b,2017-04-13,2017-04-13,2017-04-18
217716030b8f,2017-04-09,2017-04-12,2017-04-18
0df6c297ce0b,2017-03-27,2017-04-12,2017-04-18
07713ee3016f,2017-04-17,2017-04-17,2017-04-18
3e2115e3bc93,2017-04-12,2017-04-12,2017-04-18
2e0e20b63146,2017-03-23,2017-04-12,2017-04-18
e258bd3ae771,2017-03-28,2017-04-12,2017-04-18
1cd5adb63a84,2017-04-10,2017-04-12,2017-04-18
0b3cbfbdbb03,2017-03-15,2017-04-12,2017-04-14
08dfd34d97b2,2017-04-13,2017-04-13,2017-04-18
8761e0498bfd,2017-03-20,2017-04-12,2017-04-18
72838208a59f,2017-04-11,2017-04-12,2017-04-12
da8cdafb60ab,2017-03-20,2017-04-12,2017-04-18
510dd0cb8993,2017-03-28,2017-04-12,2017-04-18
f397c511baa1,2017-04-02,2017-04-12,2017-04-18
942a36dfd7ec,2017-03-28,2017-04-12,2017-04-18
b18b954b5fbf,2017-04-04,2017-04-12,2017-04-18
c02e01681a39,2017-04-17,2017-04-17,2017-04-18
749191839a8e,2017-03-28,2017-04-12,2017-04-18
68c3c0cec27b,2017-04-15,2017-04-15,2017-04-18
06c424210ced,2017-04-07,2017-04-12,2017-04-18
01cedebb952a,2017-04-01,2017-04-12,2017-04-18
9ae5db86de24,2017-03-22,2017-04-12,2017-04-18
3cde1e5cf011,2017-04-06,2017-04-12,2017-04-18
2d3339b38a82,2017-03-16,2017-04-12,2017-04-15
2d5a7e399977,2017-03-16,2017-04-12,2017-04-15
2bd3538c3c5c,2017-03-30,2017-04-12,2017-04-18
0884ee90b3bf,2017-04-14,2017-04-14,2017-04-18
6b42936788ba,2017-03-29,2017-04-12,2017-04-18
1b4f894c3649,2017-03-16,2017-04-12,2017-04-15
ed2dbe732764,2017-03-29,2017-04-12,2017-04-18
70d6aa3dbe66,2017-04-06,2017-04-12,2017-04-18
23c49104ed23,2017-03-22,2017-04-12,2017-04-18
c88cea223ec2,2017-03-16,2017-04-12,2017-04-14
d33b94a53c34,2017-04-10,2017-04-12,2017-04-18
0050f32dd6d4,2017-04-05,2017-04-12,2017-04-18
68b59417bd6a,2017-03-14,2017-04-12,2017-04-12
18983670ecf6,2017-03-18,2017-04-12,2017-04-17
4e3ff73759a9,2017-03-16,2017-04-12,2017-04-15
797120aac4f3,2017-04-07,2017-04-12,2017-04-18
a04aacb48edc,2017-03-14,2017-04-12,2017-04-12
149b5f7723e5,2017-04-17,2017-04-17,2017-04-18
6cbed59dd650,2017-03-25,2017-04-12,2017-04-18
2105abb128ac,2017-04-01,2017-04-12,2017-04-18
86656aafde40,2017-04-13,2017-04-13,2017-04-18
12d62e559546,2017-03-14,2017-04-12,2017-04-13
7ac26ed31fdb,2017-03-24,2017-04-12,2017-04-18
e1ed16498975,2017-04-10,2017-04-12,2017-04-18
8f351990dbc6,2017-04-04,2017-04-12,2017-04-18
ff34dea44d93,2017-03-31,2017-04-12,2017-04-18
cb7b4b371edb,2017-04-11,2017-04-12,2017-04-18
eb9316579dc3,2017-03-31,2017-04-12,2017-04-18
d3033452e28c,2017-03-31,2017-04-12,2017-04-18
b8f1b7bf4c99,2017-04-10,2017-04-12,2017-04-18
7dae2147816e,2017-04-06,2017-04-12,2017-04-18
060dbe1d3209,2017-04-17,2017-04-17,2017-04-18
4282ec5073ce,2017-04-02,2017-04-12,2017-04-18
d390e1a7f90c,2017-03-20,2017-04-12,2017-04-18
40d0ca1661ef,2017-04-12,2017-04-12,2017-04-18
fd357f6aded7,2017-04-14,2017-04-14,2017-04-14
9c84b8cbfd62,2017-04-11,2017-04-12,2017-04-18
d4b13ce7e5ab,2017-04-04,2017-04-12,2017-04-18
d9886ddf3b40,2017-03-30,2017-04-12,2017-04-18
a31ae57c5052,2017-03-15,2017-04-12,2017-04-14
3579a24345b4,2017-04-06,2017-04-12,2017-04-18
625ccf43987b,2017-04-10,2017-04-12,2017-04-18
b8277d711a0d,2017-04-01,2017-04-12,2017-04-18
b508a74ce154,2017-04-04,2017-04-12,2017-04-18
46663adbc808,2017-04-10,2017-04-12,2017-04-18
1c1312b5df8a,2017-04-17,2017-04-17,2017-04-18
21d606706701,2017-04-16,2017-04-16,2017-04-18
8eb27086b89f,2017-03-20,2017-04-12,2017-04-18
82121fe47fa6,2017-04-04,2017-04-12,2017-04-18
044bf366abbb,2017-04-09,2017-04-12,2017-04-18
32cad1d9e587,2017-03-23,2017-04-12,2017-04-18
5f41359235be,2017-04-03,2017-04-12,2017-04-18
90416952bfc6,2017-03-26,2017-04-12,2017-04-18
5e5701d08293,2017-04-07,2017-04-12,2017-04-18
6c10118738e5,2017-04-11,2017-04-12,2017-04-18
d56458b24bb4,2017-03-29,2017-04-12,2017-04-18
34479f50175c,2017-03-29,2017-04-12,2017-04-13
9f3f3c86453f,2017-03-31,2017-04-12,2017-04-18
d4a43aa63fea,2017-04-05,2017-04-12,2017-04-18
e04b952d1fd0,2017-04-10,2017-04-12,2017-04-18
37413b463905,2017-04-05,2017-04-12,2017-04-18
2a5384f8ed58,2017-04-05,2017-04-12,2017-04-18
48bbc27b2d4f,2017-03-23,2017-04-12,2017-04-18
58a906bc846d,2017-03-24,2017-04-12,2017-04-18
2079ad4ce3eb,2017-04-17,2017-04-17,2017-04-18
dc51f8508fe3,2017-04-03,2017-04-12,2017-04-16
514e508736da,2017-03-29,2017-04-12,2017-04-18
101d241cd6a6,2017-04-08,2017-04-12,2017-04-18
b57174d785a5,2017-03-20,2017-04-12,2017-04-18
9531a3ba3a92,2017-03-15,2017-04-12,2017-04-14
d25f0ae7d952,2017-03-24,2017-04-12,2017-04-18
b8c44e8b3291,2017-04-14,2017-04-15,2017-04-18
da7136fb36ee,2017-03-31,2017-04-12,2017-04-18
78df138e412b,2017-04-11,2017-04-12,2017-04-18
de96483ba275,2017-03-29,2017-04-12,2017-04-18
a1d72a9d9d3d,2017-03-27,2017-04-12,2017-04-18
016b6f2a441a,2017-03-17,2017-04-12,2017-04-16
734ea32f9dc2,2017-03-24,2017-04-12,2017-04-18
4c1cb8134477,2017-04-03,2017-04-12,2017-04-18
2e92709e62f1,2017-03-14,2017-04-12,2017-04-12
e18078e4a907,2017-03-17,2017-04-12,2017-04-15
19abf82d03cf,2017-04-12,2017-04-12,2017-04-18
c7f52584208f,2017-04-03,2017-04-12,2017-04-18
bb02af2f1ef8,2017-04-02,2017-04-12,2017-04-18
657f86bd4d7c,2017-04-11,2017-04-12,2017-04-18
3d000db04063,2017-04-10,2017-04-12,2017-04-18
be6e7e289f5a,2017-04-04,2017-04-12,2017-04-18
0a41ffdb2cb4,2017-03-30,2017-04-12,2017-04-18
4444930f150f,2017-03-22,2017-04-12,2017-04-18
4cbdfcc2c7db,2017-03-17,2017-04-12,2017-04-16
6ab79dd87881,2017-03-26,2017-04-12,2017-04-16
eed563155d1b,2017-04-04,2017-04-12,2017-04-18
15be246c3882,2017-04-14,2017-04-14,2017-04-18
af267b26ba5c,2017-04-01,2017-04-12,2017-04-18
ee6177541ad1,2017-03-18,2017-04-12,2017-04-17
0e4206605d9d,2017-04-01,2017-04-12,2017-04-18
ee9a841d0cbf,2017-03-28,2017-04-12,2017-04-18
377e163bb216,2017-03-24,2017-04-12,2017-04-18
577aa23b845d,2017-03-31,2017-04-12,2017-04-18
10d1bdb32016,,2017-04-12,2017-04-18
31cd97011cb6,2017-03-14,2017-04-12,2017-04-13
18022994a432,2017-04-05,2017-04-12,2017-04-18
e497dbbbaeea,2017-04-08,2017-04-12,2017-04-18
58618cd6732e,2017-04-12,2017-04-12,2017-04-18
2bd4f570dff3,2017-03-19,2017-04-12,2017-04-18
20c06090703d,2017-03-21,2017-04-12,2017-04-18
0c4b375ffdf5,2017-03-25,2017-04-12,2017-04-18
25ec91a2478c,2017-03-24,2017-04-12,2017-04-18
a7544afd57bb,2017-04-09,2017-04-12,2017-04-18
2aa3ca8c0d9b,2017-03-15,2017-04-12,2017-04-13
33fa6313d13a,2017-04-10,2017-04-12,2017-04-18
b3abc2780f21,2017-03-13,2017-04-12,2017-04-12
7c4080d99771,2017-04-03,2017-04-12,2017-04-18
0130d754994a,2017-04-09,2017-04-12,2017-04-18
8fd4beb1a435,2017-04-12,2017-04-12,2017-04-18
76a4fcb0ef68,2017-04-07,2017-04-12,2017-04-18
3411285ffa95,2017-04-08,2017-04-12,2017-04-18
b75c366029b9,2017-03-15,2017-04-12,2017-04-14
8e3cf92684b9,2017-04-11,2017-04-12,2017-04-18
9a31b0d2ec87,2017-03-28,2017-04-12,2017-04-18
9a229a79c043,2017-03-28,2017-04-12,2017-04-18
279a6ca14059,2017-03-22,2017-04-12,2017-04-18
f9e48b06d2de,2017-04-05,2017-04-12,2017-04-18
d9dc2eada51b,2017-04-05,2017-04-12,2017-04-18
43e354b805d6,2017-03-15,2017-04-12,2017-04-14
27bd86f2061e,2017-03-30,2017-04-12,2017-04-18
c2e6df9e85f0,2017-03-21,2017-04-12,2017-04-18
72dd45f10897,2017-03-28,2017-04-12,2017-04-18
8053b929299b,2017-03-25,2017-04-12,2017-04-18
f39185987d4f,2017-03-29,2017-04-12,2017-04-18
75d3a1872325,2017-04-12,2017-04-12,2017-04-18
25ba751450c0,2017-04-17,2017-04-17,2017-04-18
1ac83dd7108c,2017-04-02,2017-04-12,2017-04-18
c0f03625f177,2017-04-01,2017-04-12,2017-04-18
42828f2beeaa,2017-04-09,2017-04-12,2017-04-18
0baeb7c91952,2017-04-10,2017-04-12,2017-04-18
6f0b6540446c,2017-03-19,2017-04-12,2017-04-18
ee7400dc21a8,2017-03-24,2017-04-12,2017-04-18
8bf797a8a7b6,2017-04-04,2017-04-12,2017-04-18
6d18227219bc,2017-04-12,2017-04-12,2017-04-18
6cab2c27c7b2,2017-04-10,2017-04-12,2017-04-18
b4ba5c1cebaa,2017-04-01,2017-04-12,2017-04-18
71dfb71d9cee,2017-04-12,2017-04-12,2017-04-18
029a4db85e6b,2017-04-14,2017-04-14,2017-04-18
bb50a525ed49,2017-03-25,2017-04-12,2017-04-18
e9cd78d6b3cc,2017-04-01,2017-04-12,2017-04-18
908dfd2660ab,2017-03-16,2017-04-12,2017-04-14
291a513eb57c,2017-04-04,2017-04-12,2017-04-18
9219cd43b56c,2017-04-17,2017-04-17,2017-04-18
5dd8b8696747,2017-03-26,2017-04-12,2017-04-18
15b2a127b1f4,2017-04-12,2017-04-12,2017-04-18
ca974bc0f889,2017-04-03,2017-04-12,2017-04-18
2edced37d1fc,2017-03-15,2017-04-12,2017-04-13
d3f93338d7b1,2017-03-14,2017-04-12,2017-04-13
42181e1f0b9a,2017-04-02,2017-04-12,2017-04-18
60ed869c7f37,2017-04-13,2017-04-13,2017-04-18
79612240ddda,2017-03-20,2017-04-12,2017-04-18
f0b7805c21c7,2017-04-13,2017-04-13,2017-04-18
127be48b5bb6,2017-04-17,2017-04-17,2017-04-18
98da700abf7b,2017-04-10,2017-04-12,2017-04-18
e4685b565f56,2017-03-17,2017-04-12,2017-04-16
e5c841d7f14e,2017-03-20,2017-04-12,2017-04-18
eb939556880a,2017-03-26,2017-04-12,2017-04-18
a4dfc7d5d1a5,2017-03-28,2017-04-12,2017-04-18
44e4312541ee,2017-04-14,2017-04-14,2017-04-18
deac32c712cd,2017-03-18,2017-04-12,2017-04-17
937a9d9fd4ed,2017-04-01,2017-04-12,2017-04-18
16ea6676bf94,2017-03-22,2017-04-12,2017-04-18
c682a7d189bb,2017-04-13,2017-04-13,2017-04-18
7e54ea3d4044,2017-04-15,2017-04-15,2017-04-18
ff45faf1f846,2017-04-02,2017-04-12,2017-04-18
ec7fdcc4fc35,2017-04-15,2017-04-15,2017-04-18
142fe0c03736,2017-03-29,2017-04-12,2017-04-18
ad3a19378312,2017-03-14,2017-04-12,2017-04-13
c0bfafe828fb,2017-03-18,2017-04-12,2017-04-17
f137f4b04804,2017-03-18,2017-04-12,2017-04-16
1688a365755b,2017-04-04,2017-04-12,2017-04-18
cbdf0bd569ed,2017-03-17,2017-04-12,2017-04-16
d75845b28dee,2017-04-05,2017-04-12,2017-04-18
594405b2af63,2017-04-14,2017-04-14,2017-04-18
cc38b2223a2f,2017-04-16,2017-04-16,2017-04-18
f2450ab1080d,2017-03-25,2017-04-12,2017-04-18
bc74f82a2f17,2017-04-14,2017-04-14,2017-04-18
d6b8a121e251,2017-03-28,2017-04-12,2017-04-18
251acc4f47fe,2017-03-21,2017-04-12,2017-04-18
1d6746c2c72e,2017-04-10,2017-04-12,2017-04-18
dae6272ad200,2017-03-13,2017-04-12,2017-04-12
dd677058f9dd,2017-04-06,2017-04-12,2017-04-18
1bbac8b67466,2017-03-20,2017-04-12,2017-04-18
eadc85f19132,2017-03-23,2017-04-12,2017-04-18
363b80c98daf,2017-04-14,2017-04-14,2017-04-18
61b319ffac02,2017-04-12,2017-04-12,2017-04-18
e011b7ee50a0,2017-04-16,2017-04-16,2017-04-18
9b35964b0f6e,2017-03-17,2017-04-12,2017-04-16
d8729078a462,2017-04-10,2017-04-12,2017-04-18
8a8ed4241637,2017-04-12,2017-04-12,2017-04-18
4e5f2fdd6434,2017-03-23,2017-04-12,2017-04-18
5518e4df6130,2017-04-05,2017-04-12,2017-04-18
38131e5ac237,2017-04-04,2017-04-12,2017-04-18
915a2153e6e3,2017-03-20,2017-04-12,2017-04-18
012d285e06e1,2017-03-22,2017-04-12,2017-04-18
919fe0246422,2017-03-30,2017-04-12,2017-04-14
5456570e9724,2017-04-17,2017-04-17,2017-04-18
39cb558f1ec0,2017-04-04,2017-04-12,2017-04-18
2fde5d11791b,2017-03-15,2017-04-12,2017-04-14
0675bda3b63f,2017-03-26,2017-04-12,2017-04-18
b7ca348d124f,2017-04-12,2017-04-12,2017-04-18
c553841d13f8,2017-03-30,2017-04-12,2017-04-18
eb32a49f3b05,2017-04-04,2017-04-12,2017-04-18
9590669dd76d,2017-04-11,2017-04-12,2017-04-18
3aa37217ba98,2017-04-06,2017-04-12,2017-04-18
3a4891ae9d51,2017-03-24,2017-04-12,2017-04-16
71c1ab1c428c,2017-03-31,2017-04-12,2017-04-18
819f3051e61b,2017-04-08,2017-04-12,2017-04-18
b2d64c185c7b,2017-03-21,2017-04-12,2017-04-18
bc3224ecd157,2017-03-17,2017-04-12,2017-04-16
be112fc86e33,2017-04-15,2017-04-15,2017-04-18
7f2e62d56474,2017-04-03,2017-04-12,2017-04-18
be58e6915b43,2017-03-14,2017-04-12,2017-04-13
02b0e24c158c,2017-04-17,2017-04-17,2017-04-18
4648ee1484bc,2017-03-20,2017-04-12,2017-04-18
dc036c890442,2017-04-08,2017-04-12,2017-04-18
5600d3137ea1,2017-04-09,2017-04-12,2017-04-18
007b624bb2af,2017-03-20,2017-04-12,2017-04-18
35e54fb4c3a4,2017-04-15,2017-04-15,2017-04-18
ac3779a511e5,2017-04-17,2017-04-17,2017-04-18
846efbd9e3d3,2017-04-17,2017-04-17,2017-04-18
542c3cc88323,2017-04-03,2017-04-12,2017-04-18
b28b0c40c1bf,2017-04-02,2017-04-12,2017-04-18
daba0b58a5a7,2017-03-23,2017-04-12,2017-04-18
3c605d369c28,2017-03-14,2017-04-12,2017-04-18
cc343a897faa,2017-04-06,2017-04-12,2017-04-18
1d6912f509f9,2017-03-17,2017-04-12,2017-04-16
f50735ea9ec2,2017-03-13,2017-04-12,2017-04-15
8e4859432ab1,2017-04-10,2017-04-12,2017-04-13
deec5f0d06ed,2017-03-17,2017-04-12,2017-04-15
ac2058db7c83,2017-04-10,2017-04-12,2017-04-18
93f298498044,2017-03-21,2017-04-12,2017-04-18
679ffc4253c7,2017-03-23,2017-04-12,2017-04-18
de596b2e7d6e,2017-04-06,2017-04-12,2017-04-18
e88aff546482,2017-03-30,2017-04-12,2017-04-18
2deef6bb173e,2017-03-20,2017-04-12,2017-04-18
e31930ed2579,2017-04-06,2017-04-12,2017-04-18
faf0d4909043,2017-03-22,2017-04-12,2017-04-18
4b6b11157196,2017-04-13,2017-04-13,2017-04-18
1d8f2a9b31ef,2017-04-13,2017-04-13,2017-04-18
24d4155c9bbe,2017-03-17,2017-04-12,2017-04-15
fbca3bd6f9f8,2017-03-20,2017-04-12,2017-04-18
1a8baf44b55d,2017-03-19,2017-04-12,2017-04-18
73b708ed0434,2017-03-24,2017-04-12,2017-04-18
5259358b6357,2017-03-16,2017-04-12,2017-04-15
e029bc8095cd,2017-04-11,2017-04-12,2017-04-18
c1db2c29afcf,2017-04-05,2017-04-12,2017-04-18
29d63fb09370,2017-04-05,2017-04-12,2017-04-18
77ef06f4af3e,2017-04-03,2017-04-12,2017-04-18
38656f1b4be7,2017-03-24,2017-04-12,2017-04-18
10caac6b3ef2,2017-04-07,2017-04-12,2017-04-18
b21f685bf35d,2017-03-31,2017-04-12,2017-04-18
955ef19bf87c,2017-03-26,2017-04-12,2017-04-18
d4d41df514e1,2017-04-04,2017-04-12,2017-04-18
5236eaf7f0f3,2017-04-03,2017-04-12,2017-04-18
d382d949f0cf,2017-04-06,2017-04-12,2017-04-18
adb5feb9f155,2017-03-14,2017-04-12,2017-04-13
03d02e51b9ef,2017-03-26,2017-04-12,2017-04-18
232538fd674e,2017-04-03,2017-04-12,2017-04-18
9ad5cb7a2ace,2017-04-01,2017-04-12,2017-04-18
baf81069f72d,2017-04-12,2017-04-12,2017-04-18
c4d1b1b0b7f4,2017-03-30,2017-04-12,2017-04-18
3eb69a13bbc7,2017-03-27,2017-04-12,2017-04-18
932ceae01c77,2017-03-23,2017-04-12,2017-04-18
217b83fcde6c,2017-04-05,2017-04-12,2017-04-18
63eb38e2205a,2017-04-07,2017-04-12,2017-04-18
5ce79ad725c0,2017-03-28,2017-04-12,2017-04-18
fb029f0e4250,2017-03-19,2017-04-12,2017-04-17
d0ab42a10cd3,2017-03-30,2017-04-12,2017-04-18
80bde39d15da,2017-04-09,2017-04-12,2017-04-13
17e30c169748,2017-04-08,2017-04-12,2017-04-18
8be01cc27059,2017-03-14,2017-04-12,2017-04-13
0922d22dc86c,2017-03-19,2017-04-12,2017-04-17
a02a61daefa4,2017-04-11,2017-04-12,2017-04-18
a3c593fb69c0,2017-04-04,2017-04-12,2017-04-18
d2645226a228,2017-03-20,2017-04-12,2017-04-18
d2ff22d183c8,2017-03-21,2017-04-12,2017-04-18
63b78546d9c0,2017-04-01,2017-04-12,2017-04-18
4c9713881cb2,2017-04-08,2017-04-12,2017-04-18
72dd90d241dd,2017-04-06,2017-04-12,2017-04-18
b8dafb4416ec,2017-03-17,2017-04-12,2017-04-15
79ef753452dd,2017-04-09,2017-04-12,2017-04-18
31a10e907ff0,2017-03-19,2017-04-12,2017-04-18
90864da0d35f,2017-03-30,2017-04-12,2017-04-18
36e75887e236,2017-04-02,2017-04-12,2017-04-18
390c89b3a5f6,2017-04-08,2017-04-12,2017-04-18
9b7beb62d336,2017-03-27,2017-04-12,2017-04-18
5389f1b68e29,2017-03-25,2017-04-12,2017-04-18
def2f7d53568,2017-04-13,2017-04-13,2017-04-18
83ed2e2a4fa1,2017-03-21,2017-04-12,2017-04-18
242650e7d54a,2017-04-13,2017-04-13,2017-04-18
7c6140feb132,2017-03-16,2017-04-12,2017-04-15
477aef3886c1,2017-04-08,2017-04-12,2017-04-18
c35bdda4d8b8,2017-03-30,2017-04-12,2017-04-18
0651182c280c,2017-04-10,2017-04-12,2017-04-13
065f5bc622b4,2017-04-03,2017-04-12,2017-04-18
98a898d4b672,2017-04-10,2017-04-12,2017-04-18
f52ca6d6122b,2017-04-12,2017-04-12,2017-04-18
d241a08ecd60,2017-03-14,2017-04-12,2017-04-12
08c991328c37,2017-03-29,2017-04-12,2017-04-18
666dad297b84,2017-03-15,2017-04-12,2017-04-13
cbe610fd4d66,2017-03-25,2017-04-12,2017-04-18
db35ec9a3332,2017-04-10,2017-04-12,2017-04-18
e3046f644c30,2017-03-20,2017-04-12,2017-04-18
843af28691a6,2017-03-24,2017-04-12,2017-04-18
4e8350ef4025,2017-04-16,2017-04-16,2017-04-18
4fd5e2cf77b0,2017-03-15,2017-04-12,2017-04-14
dd9ee9fdcb53,2017-04-16,2017-04-16,2017-04-18
817fb7e87aa8,2017-03-28,2017-04-12,2017-04-18
1f633160a0f7,2017-03-14,2017-04-12,2017-04-12
354817df6906,2017-04-11,2017-04-12,2017-04-18
988501cb6c23,2017-04-12,2017-04-12,2017-04-17
f2396f9aa053,2017-04-05,2017-04-12,2017-04-18
c9206a290eb4,2017-04-14,2017-04-14,2017-04-18
2c889d67c7b0,2017-03-16,2017-04-12,2017-04-15
ee068e4c3c9b,2017-04-11,2017-04-12,2017-04-18
c8ec8ffc2935,2017-03-30,2017-04-12,2017-04-18
fa1dca2d3b2b,2017-04-17,2017-04-17,2017-04-18
c7f7f1234982,2017-03-29,2017-04-12,2017-04-18
1eea3000dba2,2017-03-22,2017-04-12,2017-04-18
8a93ed5684aa,2017-03-24,2017-04-12,2017-04-18
592db0f6380b,2017-03-25,2017-04-12,2017-04-18
c8138da29ecd,2017-03-17,2017-04-12,2017-04-16
0a2545af398d,2017-03-27,2017-04-12,2017-04-18
67a3c245e7fd,2017-04-17,2017-04-17,2017-04-18
13ee4d42c2ef,2017-03-20,2017-04-12,2017-04-18
0c66a80b1f0b,2017-03-27,2017-04-12,2017-04-18
a1e05b4d18ab,2017-04-09,2017-04-12,2017-04-18
fb2ba2807354,2017-04-03,2017-04-12,2017-04-18
57310bc95482,2017-04-11,2017-04-12,2017-04-18
883ec7460c27,2017-04-06,2017-04-12,2017-04-18
a795974aa706,2017-04-02,2017-04-12,2017-04-18
d086c73bf8e6,2017-04-15,2017-04-15,2017-04-18
f27676f63bca,2017-04-04,2017-04-12,2017-04-18
0532933737cd,2017-03-24,2017-04-12,2017-04-18
3077ac99cec1,2017-03-17,2017-04-12,2017-04-15
c224a9b2057a,2017-04-03,2017-04-12,2017-04-13
b5633b2fb6c8,2017-04-05,2017-04-12,2017-04-18
f70a676d2ae8,2017-03-23,2017-04-12,2017-04-18
97b4e4bce041,2017-03-24,2017-04-12,2017-04-18
28dde8a36e43,2017-04-02,2017-04-12,2017-04-18
e2e13c8138f8,2017-03-30,2017-04-12,2017-04-18
aa8bf960d8b2,2017-03-26,2017-04-12,2017-04-18
f6e6300aa95b,2017-03-14,2017-04-12,2017-04-13
0b5b2f555ce0,2017-04-16,2017-04-16,2017-04-18
6977ce211bb5,2017-04-04,2017-04-12,2017-04-18
2f5072656b71,2017-04-13,2017-04-13,2017-04-18
283c8fd56d34,2017-03-26,2017-04-12,2017-04-18
5bbf7351afaa,2017-03-18,2017-04-12,2017-04-17
aa24e226ebe1,2017-03-21,2017-04-12,2017-04-18
4fddb317c697,2017-04-10,2017-04-12,2017-04-18
0056e27e458e,2017-03-29,2017-04-12,2017-04-18
906e80dd7e58,2017-03-21,2017-04-12,2017-04-18
2ba0ca913200,2017-04-08,2017-04-12,2017-04-18
6f0f4929cee2,2017-04-07,2017-04-12,2017-04-18
1cbe605ec5b2,2017-04-12,2017-04-12,2017-04-18
68f240969f76,2017-03-30,2017-04-12,2017-04-18
47a6f4a2f1a7,2017-03-29,2017-04-12,2017-04-18
37cf501fe1b1,2017-04-13,2017-04-13,2017-04-18
a920defc17dd,2017-03-31,2017-04-12,2017-04-18
d4665875f6cd,2017-04-10,2017-04-12,2017-04-18
a4d879cbe8c0,2017-04-15,2017-04-15,2017-04-18
ef13bdbf4961,2017-04-17,2017-04-17,2017-04-18
10467f0fdfd5,2017-03-23,2017-04-12,2017-04-18
e604de7067bd,2017-04-08,2017-04-12,2017-04-18
044499ddf1fe,2017-04-08,2017-04-12,2017-04-18
16df4dce72ba,2017-03-17,2017-04-12,2017-04-15
330c749e7511,2017-04-12,2017-04-12,2017-04-18
5d5a35543954,,2017-04-12,2017-04-18
d5d693f8cb14,2017-03-30,2017-04-12,2017-04-18
bf190b8eb52d,2017-04-04,2017-04-12,2017-04-18
516c511d4ead,2017-04-15,2017-04-15,2017-04-18
e8bf57c36083,2017-03-30,2017-04-12,2017-04-18
9b8bbf87b64a,2017-04-11,2017-04-12,2017-04-18
3ea010e364d1,2017-03-19,2017-04-12,2017-04-17
2d7f9ec8ee50,2017-03-24,2017-04-12,2017-04-18
4b1d2bde06c7,2017-04-06,2017-04-12,2017-04-18
14c29b571e1b,2017-03-25,2017-04-12,2017-04-18
a6d96eda9da2,2017-04-15,2017-04-16,2017-04-18
c1fc06235100,2017-03-29,2017-04-12,2017-04-18
ff36a282d11d,2017-04-10,2017-04-12,2017-04-18
995ccac41c57,2017-03-16,2017-04-12,2017-04-15
468c8552548e,2017-03-30,2017-04-12,2017-04-18
998daebd73ec,2017-03-22,2017-04-12,2017-04-18
4b660aa8da6c,2017-04-11,2017-04-12,2017-04-18
63a578e92703,2017-03-30,2017-04-12,2017-04-18
8200e7ba9da8,2017-04-17,2017-04-17,2017-04-18
5731ea4ea3a7,2017-03-22,2017-04-12,2017-04-18
a2143d45fe19,2017-04-08,2017-04-12,2017-04-18
9c806d9f23c7,2017-03-25,2017-04-12,2017-04-18
fe4671f6b86e,2017-03-31,2017-04-12,2017-04-18
64625a15d66e,2017-04-01,2017-04-12,2017-04-18
38be87b6d83c,2017-03-14,2017-04-12,2017-04-13
64853cddc67a,2017-04-05,2017-04-12,2017-04-18
8d83b0a7250b,2017-04-17,2017-04-17,2017-04-18
5901595ab8da,2017-03-27,2017-04-12,2017-04-18
d40d64f47ad1,2017-03-23,2017-04-12,2017-04-18
afb7fb9fc803,2017-04-16,2017-04-16,2017-04-18
3b9aeeae3b2b,2017-04-02,2017-04-12,2017-04-18
f45878843756,2017-03-13,2017-04-12,2017-04-12
f9e790c0e558,2017-04-10,2017-04-12,2017-04-16
80facd0e1bca,2017-03-21,2017-04-12,2017-04-18
4f74e5cd0434,2017-03-19,2017-04-12,2017-04-18
3febd9f787b3,2017-03-21,2017-04-12,2017-04-18
f2133396eef0,2017-03-24,2017-04-12,2017-04-18
fef12a3c03d0,2017-03-26,2017-04-12,2017-04-18
49bd9acf8310,2017-04-01,2017-04-12,2017-04-18
54cb1d3cd41e,2017-04-02,2017-04-12,2017-04-18
56f8041cb024,2017-04-11,2017-04-12,2017-04-18
b3ea98620ce3,2017-04-16,2017-04-17,2017-04-18
a1b140bf1ffd,2017-04-02,2017-04-12,2017-04-18
7008664bb8fa,2017-04-16,2017-04-16,2017-04-18
1028ee8b0af2,2017-03-14,2017-04-12,2017-04-13
8e44880490ed,2017-03-21,2017-04-12,2017-04-18
e6a181e1fe82,2017-04-01,2017-04-12,2017-04-18
b98699ab548e,2017-04-17,2017-04-17,2017-04-18
88edfd85e307,2017-04-04,2017-04-12,2017-04-18
e2deb43812ee,2017-03-30,2017-04-12,2017-04-18
503514b46dd8,2017-03-16,2017-04-12,2017-04-15
135a20ca096f,2017-03-23,2017-04-12,2017-04-18
a2f8060f609e,2017-04-08,2017-04-12,2017-04-18
34382b7fc0c9,2017-03-29,2017-04-12,2017-04-18
8ad65241da6d,2017-04-13,2017-04-13,2017-04-18
81ac51acd033,2017-04-06,2017-04-12,2017-04-18
60abad84d9e7,2017-04-15,2017-04-15,2017-04-18
127a07ab6848,2017-03-27,2017-04-12,2017-04-18
09d7d5fa74c8,2017-04-08,2017-04-12,2017-04-18
007adaa260bb,2017-03-20,2017-04-12,2017-04-18
c5a67e523f04,2017-03-13,2017-04-12,2017-04-12
11ad20ade00d,2017-03-18,2017-04-12,2017-04-17
01ea8e4fdfbc,2017-03-15,2017-04-12,2017-04-14
208ac724e6a4,2017-03-15,2017-04-12,2017-04-14
d29d0b533cb2,2017-04-10,2017-04-12,2017-04-18
466e47cedf69,2017-03-27,2017-04-12,2017-04-18
ed33e4ebb5e0,2017-03-25,2017-04-12,2017-04-18
34731e132dbf,2017-04-05,2017-04-12,2017-04-18
735036b483e1,2017-04-02,2017-04-12,2017-04-18
95c27efaabcd,2017-03-23,2017-04-12,2017-04-18
0198710131db,2017-03-30,2017-04-12,2017-04-18
1e507dc07d39,2017-04-02,2017-04-12,2017-04-18
188596779b25,2017-03-26,2017-04-12,2017-04-18
61e14d543d85,2017-04-16,2017-04-16,2017-04-18
00b8c4dbf515,2017-03-21,2017-04-12,2017-04-18
ef7825391308,2017-03-30,2017-04-12,2017-04-18
afb7db9d7df3,2017-04-03,2017-04-12,2017-04-18
1a002fd06cf1,2017-04-09,2017-04-12,2017-04-18
a9850284b5ce,2017-04-10,2017-04-12,2017-04-18
39c396c45f27,2017-03-19,2017-04-12,2017-04-18
0b1fb4f0ac17,2017-04-17,2017-04-17,2017-04-18
3d8cb0ccd47c,2017-04-12,2017-04-12,2017-04-18
a12429f448ba,2017-04-02,2017-04-12,2017-04-18
fe2d0bdfe564,2017-03-28,2017-04-12,2017-04-18
eb157f84c18e,2017-03-24,2017-04-12,2017-04-18
63971c7c0605,2017-04-13,2017-04-13,2017-04-18
bbc45b1b4a8c,2017-03-16,2017-04-12,2017-04-14
57f18c681f4a,2017-04-15,2017-04-15,2017-04-18
9049e8788c0c,2017-04-03,2017-04-12,2017-04-18
330d1e08d2ca,2017-04-15,2017-04-15,2017-04-18
245e21334505,2017-04-04,2017-04-12,2017-04-18
efc83770dcf6,2017-04-09,2017-04-12,2017-04-18
2699fc4b5e66,2017-04-09,2017-04-12,2017-04-18
d45e4bedfe95,2017-03-27,2017-04-12,2017-04-18
1f99fe7324e0,2017-03-28,2017-04-12,2017-04-18
a35b123d40b2,2017-03-13,2017-04-12,2017-04-12
82267b4e728f,2017-04-14,2017-04-14,2017-04-18
e9bfc6f3b0b7,2017-03-31,2017-04-12,2017-04-18
199fbdf99c20,2017-04-16,2017-04-16,2017-04-18
8908805966d6,2017-04-13,2017-04-13,2017-04-18
0bc24be3472e,2017-03-29,2017-04-12,2017-04-18
0ea11919b4b0,2017-02-10,2017-04-12,2017-04-18
605a20b65bd5,2017-03-24,2017-04-12,2017-04-18
d985498a0b78,2017-04-17,2017-04-17,2017-04-18
7264819b0a11,2017-04-09,2017-04-12,2017-04-18
3be5ee5256ab,2017-04-09,2017-04-12,2017-04-18
2d67ca6b5ed3,2017-04-09,2017-04-12,2017-04-18
9ff3cdabef44,2017-04-10,2017-04-12,2017-04-18
ce421db4dc48,2017-03-19,2017-04-12,2017-04-18
b7b3d48a8894,2017-03-15,2017-04-12,2017-04-14
da0cba59a134,2017-03-25,2017-04-12,2017-04-18
49e5eb90ea68,2017-04-10,2017-04-12,2017-04-18
b5a55e086980,2017-03-15,2017-04-12,2017-04-14
8064da2f14c8,2017-03-24,2017-04-12,2017-04-18
ca30993953c0,2017-04-14,2017-04-14,2017-04-18
6a9081a87214,2017-04-16,2017-04-16,2017-04-18
8f2e1166cef6,2017-03-27,2017-04-12,2017-04-18
1ce6b9fcd748,2017-03-13,2017-04-12,2017-04-12
917af42de77e,2017-03-29,2017-04-12,2017-04-18
d752ceea7f2b,2017-03-22,2017-04-12,2017-04-18
c4127fbbc061,2017-04-09,2017-04-12,2017-04-18
84c0a43c6723,2017-04-11,2017-04-12,2017-04-18
0d4edb1b6d18,2017-04-11,2017-04-12,2017-04-18
ef07ea3848ef,2017-03-30,2017-04-12,2017-04-18
ddb318358bff,2017-03-23,2017-04-12,2017-04-18
34ff6eb45075,2017-04-09,2017-04-12,2017-04-18
b424d6dd91c8,2017-04-03,2017-04-12,2017-04-18
042c216ee0eb,2017-04-06,2017-04-12,2017-04-18
3d82811ed0d8,2017-04-09,2017-04-12,2017-04-18
3bd49938548e,2017-04-16,2017-04-16,2017-04-18
8833eb42406c,2017-03-24,2017-04-12,2017-04-18
7ac63530ca00,2017-04-02,2017-04-12,2017-04-18
5da68f5a0f16,2017-04-02,2017-04-12,2017-04-18
d0960aec54c6,2017-04-07,2017-04-12,2017-04-18
9aaa381ed4b8,2017-04-02,2017-04-12,2017-04-18
949d860817ef,2017-04-06,2017-04-12,2017-04-18
843c4e0c0c42,2017-03-18,2017-04-12,2017-04-17
7227a82223be,2017-04-11,2017-04-12,2017-04-14
23a9a67b825d,2017-03-21,2017-04-12,2017-04-18
bb1ad2bea69e,2017-03-30,2017-04-12,2017-04-18
6e14ca335a06,2017-03-21,2017-04-12,2017-04-18
8a99f439c1bf,2017-04-03,2017-04-12,2017-04-18
c3524b5997a9,2017-04-12,2017-04-12,2017-04-18
a3193bce72b4,2017-04-17,2017-04-17,2017-04-18
b33a0ad35f35,2017-03-24,2017-04-12,2017-04-18
c39d62ff131e,2017-04-02,2017-04-12,2017-04-18
dc7c2eee96f6,2017-03-20,2017-04-12,2017-04-18
47d104b8c644,2017-04-12,2017-04-12,2017-04-18
d96a257da5bd,2017-03-15,2017-04-12,2017-04-14
9a2364abde9f,2017-03-26,2017-04-12,2017-04-18
6532e8d4ebc9,2017-03-15,2017-04-12,2017-04-14
4d25fd402615,2017-03-27,2017-04-12,2017-04-18
c6d9f4c6ecc5,2017-04-05,2017-04-12,2017-04-18
8156a1ddc951,2017-04-11,2017-04-12,2017-04-18
0351a2559295,2017-02-16,2017-04-12,2017-04-17
48d5cea7c60c,2017-03-19,2017-04-12,2017-04-18
e0e9e23037eb,2017-04-02,2017-04-12,2017-04-18
d10ad06e39c6,2017-04-10,2017-04-12,2017-04-18
63f6cc435155,2017-03-16,2017-04-12,2017-04-15
a95602ee6afb,2017-04-10,2017-04-12,2017-04-18
50f08538445f,2017-04-14,2017-04-14,2017-04-18
4a9217aa6280,2017-04-10,2017-04-12,2017-04-18
a48a212befcd,2017-03-23,2017-04-12,2017-04-18
2526aca5d699,2017-03-20,2017-04-12,2017-04-18
a5818f97323d,2017-03-19,2017-04-12,2017-04-17
3f8cc2df7a2c,2017-04-13,2017-04-13,2017-04-18
22a3bf51aec8,2017-04-10,2017-04-12,2017-04-18
f3b61afbc192,2017-03-18,2017-04-12,2017-04-16
35aac35631bd,2017-03-26,2017-04-12,2017-04-18
c4bd47a42ead,2017-03-30,2017-04-12,2017-04-18
ec2169f0e454,2017-04-03,2017-04-12,2017-04-18
8318345b1572,2017-04-11,2017-04-12,2017-04-18
8339ec9132c4,2017-04-03,2017-04-12,2017-04-18
53bf2d145e9a,2017-03-21,2017-04-12,2017-04-18
8e91eb067ddc,2017-04-03,2017-04-12,2017-04-18
d20f3ec253ff,2017-03-31,2017-04-12,2017-04-18
ae01a66e426c,2017-03-27,2017-04-12,2017-04-18
b4fe2f1a06a9,2017-04-14,2017-04-14,2017-04-18
f5070a30a7fd,2017-04-06,2017-04-12,2017-04-18
7d51a3950be5,2017-03-25,2017-04-12,2017-04-18
b6503037af4d,2017-03-20,2017-04-12,2017-04-18
fcf1b8456d83,2017-03-22,2017-04-12,2017-04-18
04f50af54d7a,2017-03-17,2017-04-12,2017-04-16
4a0e2e22039a,2017-04-07,2017-04-12,2017-04-18
731df6c55096,2017-04-18,2017-04-18,2017-04-18
712eedae6df9,2017-04-12,2017-04-12,2017-04-18
d887204671ab,2017-03-30,2017-04-12,2017-04-18
2b613c31fbf5,2017-03-28,2017-04-12,2017-04-18
710ebf20de55,2017-03-31,2017-04-12,2017-04-18
f03b9392bd37,2017-04-10,2017-04-12,2017-04-18
6058908ff6e9,2017-04-03,2017-04-12,2017-04-18
566bf119832b,2017-04-10,2017-04-12,2017-04-18
2accaeb43c15,2017-04-04,2017-04-12,2017-04-18
cc04ecd7b757,2017-03-20,2017-04-12,2017-04-18
75e419948ebb,2017-04-02,2017-04-12,2017-04-18
e8a7986d139a,2017-03-25,2017-04-12,2017-04-18
e5b34eb46c0d,2017-04-05,2017-04-12,2017-04-18
c72ab6657b89,2017-04-12,2017-04-12,2017-04-18
18e2bddded09,2017-03-21,2017-04-12,2017-04-18
33903cb5b6c1,2017-04-02,2017-04-12,2017-04-18
955fce08d60c,2017-04-10,2017-04-12,2017-04-18
005986d2b9e9,2017-04-09,2017-04-12,2017-04-18
52dc9e4e2478,2017-04-17,2017-04-17,2017-04-18
e3049cfb89c3,2017-04-10,2017-04-12,2017-04-18
4230e934ab8c,2017-04-10,2017-04-12,2017-04-18
60acd05dd95f,2017-04-11,2017-04-12,2017-04-18
3ce45204eff2,2017-04-09,2017-04-12,2017-04-18
846d88599d6f,2017-04-12,2017-04-12,2017-04-18
f4152a0bb7ce,2017-04-16,2017-04-16,2017-04-18
ce3491c67bf0,2017-04-17,2017-04-17,2017-04-18
b3428b5f654a,2017-04-07,2017-04-12,2017-04-18
610d9d827e17,2017-03-27,2017-04-12,2017-04-18
0856e979dc55,2017-03-27,2017-04-12,2017-04-18
041a4ee23f92,2017-03-17,2017-04-12,2017-04-16
fb57ea68e597,2017-03-22,2017-04-12,2017-04-18
00bc79c82d46,2017-04-08,2017-04-12,2017-04-18
fb2300db096d,2017-03-28,2017-04-12,2017-04-18
a39ed764422d,2017-04-08,2017-04-12,2017-04-18
f112c8bf9747,2017-04-18,2017-04-18,2017-04-18
78c093bccfc0,2017-03-27,2017-04-12,2017-04-18
e062534bbe04,2017-04-06,2017-04-12,2017-04-18
b7691037edfb,2017-04-07,2017-04-12,2017-04-18
9d0ed9873d41,2017-03-14,2017-04-12,2017-04-13
94fc2ab386fc,2017-04-09,2017-04-12,2017-04-18
34d2e9b39193,2017-03-14,2017-04-12,2017-04-13
0cc7937f2874,2017-04-18,2017-04-18,2017-04-18
82eb42680922,2017-03-25,2017-04-12,2017-04-18
aa66f7571d9a,2017-04-10,2017-04-12,2017-04-18
38a1cd509555,2017-03-14,2017-04-12,2017-04-13
2dde089f04e1,2017-04-11,2017-04-12,2017-04-18
6322fbe2e83f,2017-03-27,2017-04-12,2017-04-18
3e8bf3f70e00,2017-03-23,2017-04-12,2017-04-18
8a6ba5f3324a,2017-04-09,2017-04-12,2017-04-18
28bfb29ade35,2017-03-22,2017-04-12,2017-04-18
c73651c8725e,2017-03-20,2017-04-12,2017-04-18
2b33b1fcd74e,2017-03-17,2017-04-12,2017-04-15
b05f387f3132,2017-04-10,2017-04-12,2017-04-18
3f67b6de383f,2017-03-27,2017-04-12,2017-04-18
74f47376be86,2017-04-16,2017-04-16,2017-04-18
16e5f2e38fad,2017-04-01,2017-04-12,2017-04-18
a544d7a4b9a9,2017-03-24,2017-04-12,2017-04-18
dcf79d4cdb0b,2017-04-01,2017-04-12,2017-04-18
86e4cf79744a,2017-04-16,2017-04-16,2017-04-18
808798e0d55e,2017-04-02,2017-04-12,2017-04-18
aa6d75794298,2017-04-07,2017-04-12,2017-04-18
49d83341bf16,2017-04-17,2017-04-17,2017-04-18
b8e1c03a5ce8,2017-04-08,2017-04-12,2017-04-18
0fb10b37e1d9,2017-03-28,2017-04-12,2017-04-18
bf6cfa558512,2017-04-08,2017-04-12,2017-04-18
a0a91e777a0b,2017-03-15,2017-04-12,2017-04-14
6e9605bad897,2017-03-22,2017-04-12,2017-04-18
3061f87dc408,2017-04-15,2017-04-15,2017-04-18
2bc12f52e081,2017-03-21,2017-04-12,2017-04-18
ab7b9a1be74f,2017-04-17,2017-04-17,2017-04-18
3fe24afae54c,2017-04-11,2017-04-12,2017-04-18
03eb67501bd2,2017-04-06,2017-04-12,2017-04-18
dd7fe8c37061,2017-04-04,2017-04-12,2017-04-18
4bfcd4cdb138,2017-03-15,2017-04-12,2017-04-14
ea0f3436e5c4,2017-04-01,2017-04-12,2017-04-18
3fe513c41332,2017-03-25,2017-04-12,2017-04-18
e9ac6fca0855,2017-03-14,2017-04-12,2017-04-13
0a8944174270,2017-03-21,2017-04-12,2017-04-18
b75a060a538d,2017-03-27,2017-04-12,2017-04-18
61142d97c43f,2017-03-27,2017-04-12,2017-04-18
b39169165c7f,2017-03-29,2017-04-12,2017-04-18
eede03e8add1,2017-03-22,2017-04-12,2017-04-18
8c765a7edc71,2017-04-14,2017-04-14,2017-04-18
1c1520ccaca0,2017-04-05,2017-04-12,2017-04-18
0615667aa941,2017-04-01,2017-04-12,2017-04-18
dcc8b80e2afc,2017-03-20,2017-04-12,2017-04-18
c0ba542d11e1,2017-04-06,2017-04-12,2017-04-18
7815716768e9,2017-03-23,2017-04-12,2017-04-18
2f50c91eb2ca,2017-04-11,2017-04-12,2017-04-18
e35878532e4d,2017-03-17,2017-04-12,2017-04-16
6dbf7b26545c,2017-04-12,2017-04-12,2017-04-18
d63b60f06708,2017-03-21,2017-04-12,2017-04-18
d84f95b7ea01,2017-03-16,2017-04-12,2017-04-15
b547c89beefb,2017-04-18,2017-04-18,2017-04-18
ee93bb94ca9e,2017-03-19,2017-04-12,2017-04-17
b1b69edfaed7,2017-03-15,2017-04-12,2017-04-13
d994f904f699,2017-03-14,2017-04-12,2017-04-13
932a80ff6b7d,2017-03-21,2017-04-12,2017-04-18
de67925105a9,2017-03-25,2017-04-12,2017-04-18
5168cc4897e7,2017-04-07,2017-04-12,2017-04-18
f733c2f3a1fe,2017-04-07,2017-04-12,2017-04-18
db23227b0b97,2017-03-27,2017-04-12,2017-04-18
6c8d9af4d3ef,2017-04-11,2017-04-12,2017-04-18
069117859928,2017-03-25,2017-04-12,2017-04-18
65e4eca24fc8,2017-04-14,2017-04-14,2017-04-18
22c17a1cc6b3,2017-04-03,2017-04-12,2017-04-18
58f644423444,2017-03-28,2017-04-12,2017-04-18
23108d19d486,2017-04-01,2017-04-12,2017-04-18
89bf1d55883c,2017-04-07,2017-04-12,2017-04-18
fc3f9b4efae5,2017-04-11,2017-04-12,2017-04-18
c02e8f700da8,2017-04-01,2017-04-12,2017-04-18
9ccff2745e0f,2017-04-04,2017-04-12,2017-04-18
610240ea2f27,2017-04-10,2017-04-12,2017-04-18
c0f0703042a2,2017-03-21,2017-04-12,2017-04-18
3ac962e14d93,2017-04-10,2017-04-12,2017-04-18
17db5caecb02,2017-03-24,2017-04-12,2017-04-18
3b469cc8157b,2017-04-13,2017-04-13,2017-04-14
687169a24c0f,2017-03-28,2017-04-12,2017-04-18
ba45962a7b24,2017-03-22,2017-04-12,2017-04-18
c1b8e3c26023,2017-04-17,2017-04-17,2017-04-18
faa7d7a25060,2017-03-15,2017-04-12,2017-04-14
9680954b9ed0,2017-03-14,2017-04-12,2017-04-13
d2f82c267c53,2017-03-18,2017-04-12,2017-04-12
0d513f070575,2017-03-14,2017-04-12,2017-04-12
192e02669db0,2017-03-22,2017-04-12,2017-04-18
5f1a2a576fef,2017-03-24,2017-04-12,2017-04-18
4d55afba9036,2017-03-16,2017-04-12,2017-04-15
eeeccf196356,2017-04-09,2017-04-12,2017-04-18
897448d9f60a,2017-04-06,2017-04-12,2017-04-18
42781114507a,2017-04-13,2017-04-13,2017-04-14
4ee4363f6f31,2017-03-24,2017-04-12,2017-04-18
afaa366ea8b7,2017-04-14,2017-04-14,2017-04-15
da9551b3f980,2017-03-15,2017-04-12,2017-04-13
7aa62bb7c1d4,2017-04-09,2017-04-12,2017-04-18
bcb89d945ac5,2017-03-20,2017-04-12,2017-04-18
b7ac85ac2311,2017-03-20,2017-04-12,2017-04-18
b16da26aa579,2017-04-05,2017-04-12,2017-04-18
d9111859f067,2017-03-28,2017-04-12,2017-04-18
27f7a359863d,2017-03-27,2017-04-12,2017-04-18
b14e22bc2cd2,2017-03-26,2017-04-12,2017-04-18
df5c11e84c24,2017-03-27,2017-04-12,2017-04-18
aae3d82ae6b3,2017-03-23,2017-04-12,2017-04-18
74e0bfafc32a,2017-04-05,2017-04-12,2017-04-18
2d280d4f943d,2017-03-30,2017-04-12,2017-04-15
afd09e8d732c,2017-04-07,2017-04-12,2017-04-18
a2ade5ae7d99,2017-03-23,2017-04-12,2017-04-18
d7966ad229c9,2017-04-15,2017-04-15,2017-04-18
29a853b9c409,2017-04-11,2017-04-12,2017-04-18
6d873826251a,2017-04-10,2017-04-12,2017-04-18
63a6607b41d2,2017-03-24,2017-04-12,2017-04-18
e9642aa25ce1,2017-03-24,2017-04-12,2017-04-18
d7c6888adbca,2017-04-07,2017-04-12,2017-04-13
99816e055a8b,2017-04-12,2017-04-12,2017-04-18
926c2673ac30,2017-03-30,2017-04-12,2017-04-18
b23571b17c00,2017-04-04,2017-04-12,2017-04-18
0e064651e40a,2017-03-25,2017-04-12,2017-04-18
25d617f6c8a1,2017-03-18,2017-04-12,2017-04-17
7f9cfcf0276f,2017-04-03,2017-04-12,2017-04-18
cdd083ace909,2017-03-19,2017-04-12,2017-04-18
